[[ 1.          0.98727741  0.99646803 ...,  0.93235049  0.94656131
   0.94591263]
 [ 0.98727741  1.          0.9951007  ...,  0.97428014  0.98277741
   0.98363067]
 [ 0.99646803  0.9951007   1.         ...,  0.94873368  0.9615032
   0.96826853]
 ..., 
 [ 0.93235049  0.97428014  0.94873368 ...,  1.          0.99886669
   0.97986999]
 [ 0.94656131  0.98277741  0.9615032  ...,  0.99886669  1.          0.98393871]
 [ 0.94591263  0.98363067  0.96826853 ...,  0.97986999  0.98393871  1.        ]]

tempo de processamento: 31.024402s
