1	IC 5376	IC5376	LINER	00 01 19.770	+34 31 32.68			0.016767	4984.5	5026.64	 	15.0	 	 	 	~	SAb	1.077 0.388 0	32
2	UGC 5	UGC00005	AGN	00 03 05.658	-01 54 49.53			0.024532	7264.2	7354.38	 	13.92	13.32	12.40	12.08	~	SAbc	1.320 0.792 60	58
3	NGC 7819	NGC7819	GinGroup	00 04 24.495	+31 28 19.30			0.016602	4935.8	4977.11	 	14.3	 	 	 	~	SAc	1.290 0.826 65	67
4	IC 1528	IC1528	EmG	00 05 05.365	-07 05 36.32			0.012817	3817.7	3842.32	 	13.5	 	13.5	13.2	~	SABbc	2.047 0.778 75	21
5	UGC 36	UGC00036	Galaxy	00 05 13.903	+06 46 19.23			0.021319	6323.1	6391.21	 	14.7	 	 	 	~	SABab	1.020 0.490 20	32
6	NGC 1	NGC0001	GinPair	00 07 15.825	+27 42 29.13			0.015245	4535.5	4570.33	 	13.4	 	 	 	~	SAbc	0.813 0.634 110	59
7	NGC 23	NGC0023	Galaxy	00 09 53.411	+25 55 25.46			0.015235	4532.6	4567.39	 	12.5	 	 	 	~	SBb	1.460 0.701 155	233
8	NGC 36	NGC0036	LINER	00 11 22.317	+06 23 21.28			0.020103	5966.2	6026.77	 	14.5	 	 	 	~	SBb	1.890 1.210 170	43
9	UGC 148	UGC00148	Galaxy	00 15 51.274	+16 05 23.29			0.01386	4126	4155.1	 	14.0	 	 	 	~	SAc	1.750 0.385 95	52
10	MCG-02-02-030	MCG-02-02-030	GinGroup	00 30 07.308	-11 06 49.19			0.011701	3487	3507.87	 	13	 	12.65	 	~	SABb	1.667 0.633 170	21
11	UGC 312	UGC00312	AGN	00 31 23.840	+08 28 01.32			0.015247	4536	4571.00	 	14.6	 	13.10	 	~	SBd	0.967 0.387 5	60
12	NGC 155	NGC0155	GinGroup	00 34 40.113	-10 45 59.35			0.02066	6130	6193.7	 	13	 	12.51	 	~	-3	1.343 1.021 170	23
13	ESO 540-3	ESO540-G003	Galaxy	00 35 39.472	-20 07 31.07			0.011003	3280.4	3298.55	 	13.92	 	12.82	13.5	~	Sa	0.997 0.458 155	23
14	NGC 160	NGC0160	Galaxy	00 36 04.048	+23 57 28.37			0.017522	5207	5252.96	 	13.7	 	 	 	~	SAa	1.900 1.406 40	52
15	NGC 175	NGC0171	Galaxy	00 37 21.521	-19 56 03.29			0.013039	3883.6	3909.08	 	12.95	 	11.73	12.4	~	SBb	2.860 1.144 120	53
16	NGC 180	NGC0180	GinGroup	00 37 57.692	+08 38 06.80			0.017652	5245	5291.94	 	14.3	 	 	 	~	SBb	2.590 1.243 145	54
17	NGC 192	NGC0192	RadioG	00 39 13.391	+00 51 50.89			0.014470	4307	4338.00	 	13.9	 	11.97	 	~	SABab	1.753 0.596 165	86
18	NGC 216	NGC0216	EmG	00 41 26.885	-21 02 52.90			0.005283	1579.7	1583.88	 	13.52	13.12	12.64	13.3	~	SAd	2.143 0.514 25	46
19	NGC 214	NGC0214	AGN	00 41 28.020	+25 29 57.62			0.015252	4537.7	4572.57	 	13.0	 	 	 	~	SABbc	1.413 1.046 60	113
20	NGC 217	NGC0217	GinCl	00 41 33.903	-10 01 16.96			0.013236	3942	3968.05	 	13	12.10	11.89	 	~	S0a	2.440 0.683 115	26
21	NGC 237	NGC0237	AGN	00 43 27.881	-00 07 29.52			0.014041	4179.8	4209.35	 	13.65	13.06	12.53	11.85	~	SBc	1.117 0.625 0	89
22	NGC 234	NGC0234	EmG	00 43 32.383	+14 20 33.42			0.014861	4422.2	4455.30	 	13.5	 	 	 	~	SABc	1.613 1.549 55	65
23	NGC 257	NGC0257	GinGroup	00 48 01.510	+08 17 49.45			0.017568	5220.6	5266.86	 	13.7	 	 	 	~	SAc	1.717 0.961 95	44
24	NGC 309	NGC0309	EmG	00 56 42.664	-09 54 50.10			0.01884	5595	5648.1	 	12.7	 	11.76	12.4	~	5	2.600 1.716 100	119
25	NGC 364	NGC0364	GinGroup	01 04 40.875	-00 48 09.58			0.01708	5077	5120.5	 	14.6	 	 	 	~	-2	1.137 0.909 45	24
26	NGC 429	NGC0429	GinGroup	01 12 57.454	-00 20 41.69			0.01879	5580	5633.1	 	14.4	 	 	 	~	-2	0.697 0.293 15	27
27	IC 1652	IC1652	GinGroup	01 14 56.247	+31 56 54.61			0.017279	5135	5180.11	 	14.3	 	 	 	~	S0Aa	1.067 0.341 170	26
28	NGC 447	NGC0447	GinGroup	01 15 37.604	+33 04 03.59			0.018653	5540	5592.03	 	14.0	 	 	 	~	SB0/Sa	2.130 1.022 15	31
29	NGC 444	NGC0444	GinCl	01 15 49.584	+31 04 48.83			0.016174	4809.7	4848.91	 	14.7	 	 	 	~	SAcd	1.890 0.529 165	63
30	UGC 809	UGC00809	GinGroup	01 15 51.851	+33 48 38.83			0.014010	4171	4200.09	 	14.8	 	 	 	~	SAcd	1.310 0.341 20	35
31	UGC 841	UGC00841	GinGroup	01 19 10.008	+33 01 50.00			0.018612	5527.7	5579.61	 	15.0	 	 	 	~	SAbc	1.253 0.376 55	42
32	NGC 477	NGC0477	Seyfert_2	01 21 20.393	+40 29 17.62			0.019771	5868.7	5927.28	 	14.0	 	 	 	~	SABbc	1.627 1.074 120	48
33	IC 1683	IC1683	GinGroup	01 22 38.867	+34 26 13.21			0.016163	4806.5	4845.66	 	14.2	 	 	 	~	SABb	0.840 0.538 160	44
34	NGC 499	NGC0499	LINER	01 23 11.459	+33 27 36.30			0.014691	4372.0	4404.35	 	13.0	12.3	 	 	~	E5A	1.657 1.093 70	112
35	NGC 496	NGC0496	GinGroup	01 23 11.618	+33 31 45.29			0.020258	6011.7	6073.20	 	14.3	 	 	 	~	SAcd	1.490 0.894 35	60
36	NGC 504	NGC0504	GinGroup	01 23 27.877	+33 12 15.25			0.014096	4196	4225.87	 	14.0	 	 	 	~	S0	1.040 0.416 45	37
37	NGC 517	NGC0517	GinGroup	01 24 43.811	+33 25 46.53			0.014003	4169	4197.99	 	13.6	 	 	 	~	S0	1.327 0.504 20	39
38	Mrk 993	UGC00987	Seyfert_1	01 25 31.475	+32 08 10.58			0.015524	4618	4653.98	 	15.01	13.96	 	 	~	Sa	1.153 0.438 30	166
39	NGC 528	NGC0528	GinGroup	01 25 33.597	+33 40 16.58			0.016084	4783	4821.86	 	13.7	 	 	 	~	S0A	1.070 0.535 60	38
40	NGC 529	NGC0529	GinGroup	01 25 40.302	+34 42 46.56			0.016352	4862	4902.07	 	13.1	 	11.68	 	~	E/S0	1.340 1.045 160	72
41	NGC 551	NGC0551	Galaxy	01 27 40.668	+37 10 58.45			0.017352	5157	5202.00	 	13.5	 	 	 	~	SBbc	1.583 0.728 135	37
42	UGC 1057	UGC01057	Galaxy	01 28 53.433	+13 47 33.26			0.021299	6317.2	6385.18	 	14.64	 	 	 	~	SABc	1.120 0.403 150	30
43	NGC 570	NGC0570	GinGroup	01 28 58.618	-00 56 56.02			0.01847	5486	5537.2	 	14.2	 	 	 	~	1	1.363 0.845 90	39
44	UGC 1062	UGC01062	GinGroup	01 28 59.548	-00 33 43.02			0.01824	5418	5468.2	 	14.0	 	 	 	~	-2	1.273 0.509 55	26
45	UGC 1123	UGC01123	GinGroup	01 34 07.949	-01 01 55.86			0.01634	4859	4898.6	 	14.4	 	 	 	~	1	1.257 0.352 70	32
46	IC 159	IC0159	EmG	01 46 25.089	-08 38 12.61			0.013032	3881	3906.90	 	14	 	13.08	 	~	7	1.163 0.558 0	20
47	UGC 1271	UGC01271	GinGroup	01 49 00.027	+13 12 40.50			0.016992	5051	5094.07	 	14.11	 	 	 	~	-1	0.897 0.574 65	17
48	NGC 681	NGC0681	GinPair	01 49 10.847	-10 25 35.54			0.005877	1756.7	1761.88	 	12.5	 	11.30	12.1	~	2	2.027 1.297 65	98
49	NGC 693	NGC0693	GinCl	01 50 30.847	+06 08 42.76			0.005230	1564	1567.91	13.39	13.24	12.44	 	 	~	S	1.413 0.509 104	81
50	NGC 716	NGC0716	Galaxy	01 52 59.688	+12 42 30.52			0.01541	4585	4621.0	 	14.0	 	 	 	~	3	0.897 0.592 60	52
51	UGC 1368	UGC01368	GinGroup	01 54 13.133	+07 53 01.27			0.026772	7919	8026.04	 	15.0	 	 	 	~	Sab	1.323 0.397 55	14
52	NGC 731	NGC0731	Galaxy	01 54 56.241	-09 00 39.17			0.01301	3875	3900.0	 	13.46	 	12.08	 	~	-3	1.140 1.026 150	26
53	NGC 741	NGC0741	RadioG	01 56 20.959	+05 37 43.77			0.01856	5513	5565.0	 	13.2	 	 	 	~	E...	2.313 1.943 90	229
54	NGC 755	NGC0755	EmG	01 56 22.685	-09 03 41.15			0.005490	1641.2	1645.72	 	13.2	 	12.13	13.0	~	7	2.353 0.800 45	60
55	IC 1755	IC1755	Galaxy	01 57 09.812	+14 32 59.23			0.02639	7807	7911.5	 	14.70	 	 	 	~	1	1.260 0.353 155	23
56	NGC 768	NGC0768	AGN	01 58 40.953	+00 31 45.17			0.02334	6916	6997.2	 	14.3	 	 	 	~	5	1.407 0.675 30	33
57	NGC 774	NGC0774	GinGroup	01 59 34.720	+14 00 29.90			0.01533	4561	4595.8	 	13.97	 	 	 	~	S0A	0.967 0.773 155	39
58	NGC 776	NGC0776	GinGroup	01 59 54.471	+23 38 40.07			0.016371	4867.8	4907.97	 	13.4	 	 	 	~	SBb	1.633 0.947 135	67
59	NGC 810	NGC0810	Galaxy	02 05 28.528	+13 15 05.45			0.025654	7592	7690.88	 	15.4	 	 	 	~	E5A(x)	1.293 1.009 35	16
60	NGC 825	NGC0825	GinPair	02 08 32.363	+06 19 25.53			0.011575	3450	3470.00	 	14.5	 	 	 	~	SAa	1.070 0.407 50	40
61	NGC 833	NGC0833	Seyfert_2	02 09 20.865	-10 07 59.15			0.013355	3977	4003.73	 	14.02	13.00	12.75	 	~	1	1.257 0.603 75	134
62	NGC 842	NGC0842	GinGroup	02 09 50.794	-07 45 44.63			0.012649	3768	3792.07	14.10	13.61	12.66	 	 	~	-2	1.337 0.695 150	25
63	UGC 1659	UGC01659	GinGroup	02 09 56.867	+16 01 57.96			0.027379	8096	8208.02	 	14.9	 	 	 	~	SBc	1.753 0.561 20	15
64	UGC 1749	UGC01749	GinGroup	02 16 14.443	+18 18 40.14			0.026849	7941	8049.13	 	15.7	 	 	 	~	Sab	1.033 0.455 135	14
65	NGC 873	NGC0873	EmG	02 16 32.354	-11 20 54.94			0.013507	4022.0	4049.35	 	13.1	12.71	12.174	13.0	~	Sc	1.143 1.006 125	43
66	UGC 1918	UGC01918	GinGroup	02 27 32.478	+25 40 07.34			0.016962	5042	5085.08	 	14.7	 	 	 	~	SBab	1.023 0.716 115	16
67	NGC 930	NGC0932	GinGroup	02 27 54.684	+20 19 57.51			0.013646	4063	4090.97	 	13.7	 	 	 	~	Sa	1.547 1.454 145	33
68	UGC 1938	UGC01938	Galaxy	02 28 22.152	+23 12 52.87			0.021560	6393.8	6463.46	 	15.0	 	 	 	~	SABbc	1.073 0.322 155	33
69	NGC 941	NGC0941	GinPair	02 28 27.847	-01 09 05.61			0.005398	1613.8	1618.17	 	12.8	 	13.0	12.9	~	9	1.570 1.036 0	95
70	NGC 938	NGC0938	GinGroup	02 28 33.504	+20 17 01.13			0.013653	4065	4093.07	 	13.8	 	 	 	~	E	1.023 0.778 95	31
71	NGC 955	NGC0955	GinGroup	02 30 33.111	-01 06 30.53			0.005060	1513.1	1516.94	13.29	12.93	11.97	13.0	12.4	~	2	2.057 0.494 20	67
72	NGC 962	NGC0962	GinGroup	02 32 39.846	+28 04 11.63			0.015464	4600	4635.99	 	14.2	 	 	 	~	E	1.470 1.058 175	13
73	UGC 2018	UGC02018	BClG	02 32 40.163	+00 15 36.52			0.02057	6103	6166.7	 	14.3	 	 	 	~	-2	1.137 0.546 75	19
74	NGC 976	NGC0976	GinGroup	02 34 00.010	+20 58 36.48			0.01409	4193	4223.0	 	12.9	 	 	 	~	Sb	1.103 0.861 160	77
75	NGC 991	NGC0991	LSB_G	02 35 32.688	-07 09 15.90			0.005126	1532.8	1536.74	 	12.36	 	12.7	12.6	~	SAB(rc)s	2.7 2.4 75	105
76	UGC 2099	UGC02099	Galaxy	02 37 13.011	+21 34 03.00			0.027446	8115	8228.10	 	15.5	 	 	 	~	S0	1.197 0.622 145	10
77	UGC 2134	UGC02134	GinGroup	02 38 51.794	+27 50 49.93			0.015297	4551	4585.93	 	14.4	 	 	 	~	Sb	1.823 0.766 105	35
78	NGC 1026	NGC1026	Galaxy	02 39 19.206	+06 32 38.10			0.013950	4153	4182.10	 	14.1	 	 	 	~	S0	0.903 0.723 85	19
79	NGC 1041	NGC1041	Galaxy	02 40 25.211	-05 26 25.22			0.023540	6974	7057.11	 	14	 	12.78	 	~	~	1.230 0.959 45	13
80	NGC 1056	NGC1056	Seyfert_2	02 42 48.287	+28 34 27.36			0.005221	1561.2	1565.29	 	13.5	 	 	 	~	SAa	1.067 0.725 155	111
81	NGC 1060	NGC1060	GinGroup	02 43 15.045	+32 25 30.04			0.017255	5128	5172.92	13.71	13.00	11.81	 	 	~	E/S0	1.953 1.641 70	53
82	NGC 1070	NGC1070	Galaxy	02 43 22.269	+04 58 06.42			0.013673	4071	4099.06	 	13.0	 	 	 	~	Sb	1.727 1.450 175	25
83	UGC 2222	UGC02222	GinPair	02 45 09.690	+32 59 23.39			0.016618	4941	4981.95	 	14.9	13.68	 	 	~	S0ABa(x)	0.807 0.452 100	21
84	UGC 2239	UGC02239	GinGroup	02 46 35.739	+32 26 57.26			0.016088	4784	4823.06	 	15.6	 	 	 	~	SB:bc	1.307 0.418 15	18
85	NGC 1094	NGC1094	RadioG	02 47 27.814	-00 17 06.36			0.02147	6367	6436.5	 	13.5	 	 	 	~	2	0.857 0.583 90	44
86	NGC 1093	NGC1093	Galaxy	02 48 16.164	+34 25 11.11			0.017699	5259	5306.03	 	14.3	 	 	 	~	S	1.193 0.740 105	29
87	UGC 2311	UGC02311	BClG	02 49 27.960	-00 52 23.12			0.02381	7053	7138.1	 	13.7	 	13.3	13.5	~	2	1.397 0.698 40	31
88	UGC 2319	UGC02319	GinGroup	02 49 53.568	-01 00 13.07			0.02337	6924	7006.1	 	15.6	 	 	 	~	6	1.157 0.370 45	15
89	NVSS J025557+004132	UGC02403	RadioG	02 55 57.283	+00 41 33.13			0.01370	4079	4107.2	 	14.9	 	 	 	~	SBb	1.263 0.430 140	47
90	UGC 2443	UGC02443	LSB_G	02 58 21.58	-02 02 31.7			0.008389	2504	2514.96	 	14.6	 	 	 	~	Sc	1.5 0.8 90	24
91	NGC 1167	NGC1167	LINER	03 01 42.358	+35 12 20.34			0.016514	4909.8	4950.67	 	13.84	12.77	 	 	~	SA0	2.167 1.863 70	231
92	MCG-01-09-006	MCG-01-09-006	Galaxy	03 08 48.358	-07 02 26.15			0.02891	8542	8667.0	 	15	 	13.72	 	~	4	1.167 0.607 15	25
93	IC 307	IC0307	RadioG	03 13 45.221	-00 14 29.60			0.02593	7673	7773.6	 	14.6	 	 	 	~	1	1.217 0.414 65	27
94	UGC 2628	UGC02628	GinGroup	03 16 31.827	-00 28 04.91			0.02273	6737	6814.3	 	14.9	 	 	 	~	6	1.390 0.500 125	20
95	NVSS J032042-010628	UGC02690	RadioG	03 20 42.947	-01 06 30.77			0.021189	6285	6352.28	 	14.70	 	13.63	 	~	SBc	1.003 0.562 150	37
96	NGC 1324	NGC1324	GinGroup	03 25 01.696	-05 44 45.27			0.01892	5618	5672.1	 	14	 	12.31	 	~	3	2.293 0.688 140	32
97	NGC 1349	NGC1349	LINER	03 31 27.543	+04 22 51.13			0.022114	6556.3	6629.59	 	15.00	 	 	 	~	E6A	1.210 1.089 40	36
98	NGC 1361	NGC1361	GinGroup	03 34 17.724	-06 15 54.19			0.017869	5309	5356.85	 	13.78	 	 	 	~	-3	0.940 0.771 30	13
99	MCG-01-10-015	MCG-01-10-015	Galaxy	03 38 39.102	-05 20 50.52			0.016561	4924	4964.86	 	15	 	13.75	 	~	6	1.463 0.498 75	7
100	MCG-01-10-019	MCG-01-10-019	Galaxy	03 40 42.962	-06 24 54.44			0.01749	5198	5243.4	 	15	 	13.26	 	~	6	1.230 0.984 10	19
101	NGC 1542	NGC1542	GinGroup	04 17 14.192	+04 46 53.77			0.012414	3698.4	3721.50	 	15.020	13.886	13.228	12.363	~	SABab	1.100 0.396 125	36
102	NGC 1645	NGC1645	LINER	04 44 06.401	-05 27 56.75			0.016072	4779.6	4818.32	 	14	 	12.57	 	~	S0Ba	1.243 0.721 85	24
103	UGC 3151	UGC03151	GinGroup	04 45 19.616	+11 04 04.53			0.0154	4586	4622	 	16.5	 	 	 	~	S	1.793 0.502 95	31
104	NGC 1656	NGC1656	Galaxy	04 45 53.406	-05 08 12.10			0.012836	3823	3848.14	 	14	 	12.33	 	~	Sb	1.360 0.680 130	13
105	NGC 1659	NGC1659	GinGroup	04 46 29.952	-04 47 19.34			0.015234	4532	4567.04	 	13	 	12.32	 	~	Sc	1.367 0.738 45	39
106	NGC 1665	NGC1665	GinGroup	04 48 17.064	-05 25 39.56			0.009156	2732	2744.90	 	14	 	12.17	 	~	~	1.890 1.210 55	22
107	NGC 1666	NGC1666	GinGroup	04 48 32.847	-06 34 12.47			0.009223	2752	2764.99	 	13.5	 	 	 	~	~	1.093 0.940 160	16
108	NGC 1667	NGC1667	Seyfert_2	04 48 37.205	-06 19 11.47			0.015204	4523	4558.04	 	13.66	12.86	11.72	 	~	Sc	1.547 1.114 0	292
109	IC 2095	IC2095	Galaxy	04 48 45.6	-05 07 30			0.009498	2833.8	2847.32	 	15.5	 	 	 	~	SABc	1.412 0.190 54	11
110	IC 2098	IC2098	GinGroup	04 50 44.304	-05 25 06.76			0.009579	2858	2871.75	 	14.5	 	 	 	~	6	2.003 0.280 95	28
111	NGC 1677	NGC1677	Galaxy	04 50 52.077	-04 53 33.77			0.00919	2742	2755.0	 	15	 	13.69	 	~	~	1.073 0.301 135	10
112	IC 2101	IC2101	GinGroup	04 51 42.248	-06 13 53.28			0.015216	4527	4561.70	 	14.5	 	 	 	~	5	1.507 0.392 145	24
113	NGC 2253	NGC2253	Galaxy	06 43 14.725	+65 40 39.08			0.011933	3556.2	3577.54	 	15.0	 	 	 	~	SBbc	0.440 0.370 25	15
114	NGC 2347	NGC2347	LINER	07 16 04.087	+64 42 41.54			0.014836	4414.6	4447.59	 	13.2	 	 	 	~	SABbc	1.230 0.861 5	67
115	UGC 3899	UGC03899	Galaxy	07 32 37.754	+35 36 52.78			0.012934	3852.5	3877.57	 	15.40	 	 	 	~	SAd	0.610 0.378 55	27
116	NGC 2410	NGC2410	AGN	07 35 02.258	+32 49 19.77			0.01547	4602	4637.8	 	17.01	16.26	 	 	~	SABb	1.370 0.630 40	43
117	UGC 3944	UGC03944	EmG	07 38 36.517	+37 38 00.24			0.013005	3873	3898.80	 	14.481	13.889	13.424	12.761	~	SABbc	0.957 0.784 110	45
118	UGC 3969	UGC03969	Galaxy	07 41 14.334	+27 36 50.85			0.027282	8067.3	8178.83	 	15.4	 	 	 	~	SAb	1.307 0.235 135	21
119	NGC 2449	NGC2449	LINER	07 47 20.328	+26 55 48.78			0.016416	4880.9	4921.29	 	14.3	 	 	 	~	SABab	1.360 0.598 125	33
120	UGC 4029	UGC04029	GinGroup	07 48 18.994	+34 19 55.73			0.014737	4385	4418.00	 	14.6	 	 	 	~	5	1.717 0.378 65	27
121	IC 480	IC0480	Galaxy	07 55 23.229	+26 44 28.04			0.015464	4600	4635.99	 	15.2	 	 	 	~	6	1.737 0.323 168	25
122	NGC 2480	NGC2480	GinPair	07 57 10.444	+23 46 46.68			0.007749	2314	2323.09	 	15.2	 	 	 	~	SB	1.233 0.592 165	17
123	NGC 2481	NGC2481	GinPair	07 57 13.724	+23 46 03.70			0.007298	2180	2187.89	 	13.4	 	 	 	~	S0	1.220 0.390 20	30
124	NGC 2487	NGC2487	RadioG	07 58 20.442	+25 08 57.30			0.01610	4788	4826.7	 	13.28	12.23	 	 	~	4	1.687 1.383 55	73
125	NVSS J075913+325454	UGC04132	RadioG	07 59 13.077	+32 54 53.30			0.01732	5147	5192.4	 	13.5	 	 	 	~	SABbc	1.647 0.494 30	50
126	UGC 4140	UGC04140	LSB_G	07 59 22.185	+18 06 37.51			0.01573	4679	4715.7	 	14.9	 	 	 	~	SD...	1.053 0.358 135	13
127	UGC 4145	UGC04145	Seyfert_2	07 59 40.144	+15 23 12.30			0.01552	4617	4652.8	 	14.0	 	 	 	~	0	0.893 0.411 130	27
128	UGC 4136	UGC04136	LSB_G	07 59 54.428	+47 24 47.37			0.02230	6611	6685.4	 	14.96	 	 	 	~	1	1.270 0.279 140	19
129	IC 485	IC0485	Seyfert	08 00 19.772	+26 42 05.35			0.02778	8213	8328.2	 	15.5	 	 	 	~	1	0.597 0.286 150	20
130	NGC 2507	NGC2507	GinGroup	08 01 37.244	+15 42 35.55			0.015257	4539	4573.93	 	14.0	 	 	 	~	0	1.580 1.327 60	14
131	NGC 2513	NGC2513	GinGroup	08 02 24.657	+09 24 48.93			0.015661	4658	4695.05	 	13.7	 	 	 	~	E	1.760 1.408 170	50
132	UGC 4176	UGC04176	Galaxy	08 02 42.872	+40 40 42.73			0.01030	3072	3087.9	 	14.90	 	 	 	~	SD...	0.880 0.458 100	13
133	UGC 4190	UGC04190	GinGroup	08 02 57.490	+16 17 57.11			0.016558	4923	4963.96	 	14.7	 	 	 	~	-3	1.130 0.339 35	12
134	UGC 4197	UGC04197	GinGroup	08 03 25.510	+10 03 02.23			0.01526	4540	4574.8	 	14.5	 	 	 	~	Sc	1.603 0.321 130	15
135	UGC 4210	UGC04210	Galaxy	08 05 05.416	+25 03 44.55			0.016735	4975	5017.03	 	15.3	 	 	 	~	6	1.100 0.220 35	10
136	NGC 2522	NGC2522	GinGroup	08 06 13.453	+17 42 23.17			0.015674	4662	4698.95	 	14.4	 	 	 	~	1	1.133 0.340 35	12
137	NGC 2529	NGC2530	GinGroup	08 07 55.604	+17 49 06.27			0.016772	4986	5028.00	 	14.7	 	 	 	~	6	1.067 0.619 25	14
138	NVSS J080845+181135	UGC04245	RadioG	08 08 45.820	+18 11 38.90			0.017399	5171	5216.09	 	14.9	 	 	 	~	4	1.280 0.461 100	16
139	UGC 4258	UGC04258	LSB_G	08 10 47.589	+46 54 45.50			0.010472	3123	3139.44	 	15.7	 	 	 	~	8	0.810 0.178 120	10
140	NGC 2540	NGC2540	QSO_Candidate	08 12 46.425	+26 21 39.13			0.021008	6232	6298.04	 	14.5	 	 	 	~	4	1.023 0.962 80	30
141	UGC 4280	UGC04280	Galaxy	08 14 33.356	+54 47 57.99			0.011074	3302	3319.90	 	14.4	 	 	 	~	2	0.983 0.393 175	13
142	IC 2247	IC2247	AGN	08 15 59.063	+23 11 58.32			0.01442	4292	4323.0	 	15.2	 	 	 	~	SAab	1.543 0.278 150	61
143	UGC 4308	UGC04308	AGN	08 17 25.776	+21 41 08.06			0.011895	3545	3566.00	 	14.5	 	 	 	~	4	2.610 1.096 100	68
144	NGC 2553	NGC2553	GinGroup	08 17 35.035	+20 54 11.62			0.015724	4677	4713.94	 	15.0	 	 	 	~	S0	0.887 0.603 30	21
145	NGC 2554	NGC2554	GinGroup	08 17 53.476	+23 28 19.58			0.013780	4103	4131.14	 	13.5	 	 	 	~	0	1.640 1.279 160	33
146	UGC 4262	UGC04262	Galaxy	08 19 02.783	+83 15 58.94			0.019000	5642	5696.06	 	14.2	 	 	 	~	Sb	1.300 0.858 170	11
147	NGC 2565	NGC2565	GinGroup	08 19 48.340	+22 01 53.16			0.011595	3456	3476.00	 	13.8	 	 	 	~	1	1.427 0.599 175	91
148	NGC 2572	NGC2572	GinGroup	08 21 24.604	+19 08 51.53			0.02657	7860	7965.5	 	14.8	 	 	 	~	SBbr	0.923 0.499 145	19
149	NGC 2577	NGC2577	GinPair	08 22 43.473	+22 33 10.94			0.007055	2108	2115.04	 	13.8	 	 	 	~	S0	1.367 0.656 105	75
150	UGC 4375	UGC04375	GinPair	08 23 11.277	+22 39 52.49			0.006871	2053	2059.87	 	14.6	 	 	 	~	6	2.290 1.557 175	61
151	IC 2341	IC2341	GinGroup	08 23 41.415	+21 26 04.90			0.01712	5089	5132.4	 	14.9	 	 	 	~	-3	0.997 0.558 0	28
152	NGC 2592	NGC2592	Galaxy	08 27 08.081	+25 58 13.22			0.006628	1980	1987.02	 	13.6	 	 	 	~	Sa	0.930 0.800 55	57
153	NGC 2596	NGC2596	RadioG	08 27 26.514	+17 17 03.01			0.01980	5877	5935.9	 	14.2	 	 	 	~	Sb	1.497 0.688 60	41
154	NGC 2595	NGC2595	HII_G	08 27 41.986	+21 28 44.73			0.01442	4292	4323.0	 	13.9	 	 	 	~	SAB(rs)c	1.847 1.403 175	138
155	UGC 4425	UGC04425	Galaxy	08 28 14.390	+28 03 25.94			0.019694	5846	5904.11	 	15.2	 	 	 	~	SB	0.900 0.486 140	11
156	NGC 2604	NGC2604	IG	08 33 23.057	+29 32 19.03			0.00695	2076	2083.6	 	15.38	14.92	 	 	~	6	2.300 0.552 50	50
157	UGC 4468	UGC04468	GinGroup	08 33 30.718	+41 31 31.35			0.02471	7316	7407.9	 	14.7	 	 	 	~	-2	1.100 0.682 170	17
158	NGC 2638	NGC2638	Galaxy	08 42 25.756	+37 13 16.11			0.01285	3828	3852.3	 	13.7	 	 	 	~	Sab	1.117 0.491 65	18
159	NGC 2639	NGC2639	Seyfert_1	08 43 38.093	+50 12 19.94			0.010739	3202.3	3219.59	12.90	12.56	11.65	 	 	~	SAa	1.723 0.879 133	341
160	UGC 4551	UGC04551	Galaxy	08 44 05.900	+49 47 38.29			0.005797	1733	1737.90	13.87	13.40	12.46	 	 	~	-1	0.810 0.599 120	56
161	UGC 4722	UGC04722	Galaxy	09 00 24.128	+25 36 53.08			0.006085	1819	1824.24	 	15.20	 	 	 	~	SAdm	1.412 0.295 32	46
162	NGC 2730	NGC2730	RadioG	09 02 15.839	+16 50 17.51			0.012776	3806	3830.15	 	13.7	 	 	 	~	SBcd	1.073 0.794 35	28
163	NGC 2805	NGC2805	IG	09 20 20.405	+64 06 09.96			0.00592	1769	1774.0	 	11.9	 	 	 	~	6	1.810 1.557 113	158
164	NGC 2880	NGC2880	GinGroup	09 29 34.618	+62 29 26.23			0.005130	1534	1537.94	 	12.6	 	 	 	~	E7AB	1.670 1.102 140	103
165	IC 2487	IC2487	EmG	09 30 09.188	+20 05 27.29			0.014468	4306	4337.40	 	14.20	 	 	 	~	SABc	1.823 0.547 165	41
166	IC 540	IC0540	AGN	09 30 10.261	+07 54 09.10			0.00691	2064	2071.6	 	14.8	 	 	 	~	SABab	1.180 0.378 170	27
167	NGC 2906	NGC2906	GinGroup	09 32 06.247	+08 26 30.86			0.00774	2311	2320.4	 	13.1	 	 	 	~	SAbc	1.807 0.903 85	73
168	NGC 2916	NGC2916	AGN	09 34 57.568	+21 42 18.93			0.01239	3691	3714.4	12.81	12.74	12.05	 	 	~	SAbc	2.190 1.183 15	86
169	NVSS J093526+294843	UGC05108	RadioG	09 35 26.283	+29 48 45.38			0.02714	8026	8136.4	 	15.0	 	 	 	~	SBb	0.690 0.607 140	23
170	NGC 2918	NGC2918	GinGroup	09 35 44.033	+31 42 19.47			0.02254	6681	6757.3	 	13.6	 	 	 	~	-1	1.053 0.737 50	27
171	UGC 5111	UGC05111	GinGroup	09 36 52.310	+66 47 18.26			0.0225	6658	6734	 	15.5	 	 	 	~	3	1.353 0.379 120	14
172	UGC 5113	UGC05113	GinGroup	09 36 57.114	+66 32 55.20			0.02275	6741	6819.0	 	15.5	 	 	 	~	-2	1.023 0.307 45	10
173	UGC 5244	UGC05244	Galaxy	09 48 47.787	+64 09 59.91			0.010090	3010	3024.91	 	15.2	 	 	 	~	7	1.257 0.377 30	15
174	UGC 5358	UGC05358	Galaxy	09 58 47.134	+11 23 19.32			0.009876	2946.2	2960.82	 	14.9	 	 	 	~	SBd	1.412 0.616 77	26
175	UGC 5359	UGC05359	Galaxy	09 58 51.628	+19 12 54.22			0.028576	8444.6	8566.96	 	15.0	 	 	 	~	SBb	1.000 0.500 95	21
176	UGC 5396	UGC05396	GinGroup	10 01 40.466	+10 45 22.91			0.01802	5354	5402.3	 	14.6	 	 	 	~	SABbc	1.467 0.557 150	33
177	SDSS J100141.02+371447.4	SDSSJ100141.02+371447.4	Unknown	10 01 41.150	+37 14 51.68			~	~	~	 	 	 	 	 	~	~	~ ~ ~	1
178	NGC 3106	NGC3106	LINER	10 04 05.262	+31 11 07.12			0.02066	6130	6193.7	 	14.0	 	 	 	~	SAab	1.423 1.224 175	51
179	NGC 3057	NGC3057	Galaxy	10 05 39.306	+80 17 08.40			0.005135	1535.4	1539.35	 	14.2	 	 	 	~	SBdm	1.610 0.676 175	46
180	NGC 3158	NGC3158	GinGroup	10 13 50.493	+38 45 53.68			0.02313	6854	6934.2	 	13.4	 	 	 	~	EA3	1.813 1.451 150	67
181	UGC 5598	UGC05598	Galaxy	10 22 14.000	+20 35 21.57			0.01876	5571	5624.1	 	15.5	 	 	 	~	SAb	1.203 0.385 40	19
182	NGC 3300	NGC3300	GinGroup	10 36 38.434	+14 10 17.55			0.010154	3029	3044.09	 	13.4	 	 	 	~	-1	1.430 0.829 175	66
183	UGC 5771	UGC05771	LINER	10 37 19.3	+43 35 15			0.025035	7411.5	7505.42	 	14.6	 	 	 	~	E6A	1.033 0.703 40	31
184	NGC 3381	NGC3381	GinGroup	10 48 24.825	+34 42 40.50			0.005314	1589	1593.10	 	12.8	 	 	 	~	SBd	2.093 0.712 80	77
185	NGC 3395	NGC3395	IG	10 49 50.116	+32 58 58.22			0.00545	1630	1634.0	 	12.1	12.10	 	 	~	3	1.740 0.835 10	226
186	UGC 6036	UGC06036	LINER	10 55 55.217	+36 51 41.47			0.02180	6464	6535.5	 	14.6	 	 	 	~	SAa	1.473 0.324 100	26
187	IC 674	IC0674	Galaxy	11 11 06.339	+43 37 58.77			0.02503	7410	7503.8	 	14.5	 	 	 	~	SBab	0.883 0.495 125	22
188	UGC 6256	UGC06256	Galaxy	11 13 56.114	+65 10 39.93			0.01130	3369	3387.7	 	16.0	 	 	 	~	6	1.277 0.255 90	14
189	UGC 6312	UGC06312	Galaxy	11 18 00.205	+07 50 41.52			0.02110	6259	6325.6	 	14.9	 	 	 	~	1	0.913 0.511 50	15
190	NGC 3615	NGC3615	QSO_Candidate	11 18 06.661	+23 23 50.21			0.022305	6612	6686.87	 	14.0	 	 	 	~	E	1.243 0.845 35	25
191	NGC 3614	NGC3614	GinGroup	11 18 21.394	+45 44 53.85			0.00776	2317	2326.4	 	12.7	 	 	 	~	SABbc	2.587 1.992 65	77
192	NGC 3619	NGC3619	GinGroup	11 19 21.621	+57 45 27.66			0.005240	1567	1570.91	 	12.6	 	 	 	~	-1	2.190 1.752 45	116
193	NGC 3687	NGC3687	Galaxy	11 28 00.568	+29 30 39.76			0.00815	2433	2443.3	 	13.0	12.58	 	 	~	Sb	1.400 1.232 40	80
194	NGC 3811	NGC3811	Galaxy	11 41 16.655	+47 41 26.62			0.01056	3149	3165.8	 	13.0	 	 	 	~	SBbc	1.417 0.850 15	107
195	NGC 3815	NGC3815	GinGroup	11 41 39.309	+24 48 01.90			0.01218	3630	3652.0	 	14.2	 	 	 	~	Sab	1.207 0.555 65	38
196	NGC 3991	NGC3991	EmG	11 57 30.465	+32 20 03.00			0.010590	3158.1	3174.91	 	13.8	 	 	 	~	SAm	2.013 0.403 30	121
197	NGC 3994	NGC3994	LINER	11 57 36.852	+32 16 40.00			0.010270	3063	3079.00	 	13.51	12.87	 	 	~	SABbc	0.843 0.371 10	125
198	NGC 4003	NGC4003	GinPair	11 57 59.022	+23 07 30.07			0.022164	6571.0	6644.62	 	14.8	 	 	 	~	S0Ba	1.263 0.581 145	38
199	UGC 7012	UGC07012	RadioG	12 02 03.164	+29 50 53.11			0.010330	3080.9	3096.89	 	14.3	 	 	 	~	SABcd	0.807 0.516 10	53
200	UGC 7145	UGC07145	GinGroup	12 09 50.944	+38 13 06.74			0.022257	6598.2	6672.44	 	15.4	 	 	 	~	SAbc	1.273 0.509 150	15
201	NGC 4149	NGC4149	RadioG	12 10 32.853	+58 18 13.76			0.010207	3044	3059.98	 	13.9	 	 	 	~	SABa	1.347 0.269 85	23
202	NGC 4185	NGC4185	GinGroup	12 13 22.207	+28 30 39.31			0.01297	3863	3888.3	 	13.5	 	 	 	~	SABbc	2.217 1.640 170	55
203	NGC 4210	NGC4210	LINER	12 15 15.886	+65 59 07.59			0.00904	2698	2710.1	 	13.4	 	 	 	~	SBb	1.790 1.360 70	66
204	IC 776	IC0776	EmG	12 19 03.119	+08 51 22.15			0.008201	2448.4	2458.48	 	14.9	 	 	 	~	SAdm	2.27 2.27 0	97
205	NGC 4470	NGC4470	HII_G	12 29 37.800	+07 49 26.61			0.007822	2335.8	2344.97	 	12.9	 	 	 	~	SAc	1.310 0.891 5	148
206	IC 3598	IC3598	GinGroup	12 37 21.042	+28 12 29.47			0.025518	7553	7650.10	 	14.74	 	 	 	~	Sab	0.843 0.489 135	35
207	NGC 4644	NGC4644	GinPair	12 42 42.664	+55 08 43.58			0.01644	4888	4928.6	 	14.8	 	 	 	~	SAb	1.327 0.451 45	35
208	NGC 4711	NGC4711	GinCl	12 48 45.842	+35 19 58.11			0.013727	4087.1	4115.34	 	14.4	 	 	 	~	SAbc	1.480 0.740 40	26
209	UGC 8004	UGC08004	GinCl	12 51 37.925	+31 21 10.58			0.020694	6140	6203.91	 	15.1	 	 	 	~	7	1.053 0.548 175	37
210	NGC 4816	NGC4816	GinGroup	12 56 12.136	+27 44 44.05			0.023083	6840	6920.11	14.25	13.80	12.84	 	 	~	E/S0	1.363 1.254 90	102
211	NGC 4841	NGC4841A	GinPair	12 57 31.978	+28 28 36.86			0.02261	6702	6778.3	 	13.5	 	 	 	~	-3	2.430 0.972 60	115
212	NGC 4874	NGC4874	RadioG	12 59 35.709	+27 57 33.80			0.02391	7082	7168.0	13.01	13.7	11.40	12.122	11.386	~	E0A	2.453 2.306 55	645
213	NGC 4956	NGC4956	GinGroup	13 05 00.978	+35 10 41.35			0.015881	4723	4761.00	 	13.5	 	 	 	~	-5	0.447 0.420 60	39
214	NGC 4961	NGC4961	GinPair	13 05 47.574	+27 44 02.80			0.00844	2520	2530.2	 	13.5	 	 	 	~	Sc	1.177 0.706 115	100
215	UGC 8231	UGC08231	LSB_G	13 08 37.262	+54 04 28.02			0.008229	2457	2466.99	 	14.2	 	 	 	~	SABd	1.233 0.641 70	22
216	UGC 8234	UGC08234	GinGroup	13 08 46.524	+62 16 17.80			0.027039	7997	8106.09	 	13.8	 	 	 	~	S0A	0.840 0.504 145	21
217	NGC 5000	NGC5000	StarburstG	13 09 47.454	+28 54 25.07			0.01865	5539	5591.1	 	14.0	13.41	 	 	~	SBbc	1.780 0.605 90	111
218	UGC 8250	UGC08250	GinCl	13 10 20.061	+32 28 54.41			0.017635	5240.2	5286.81	 	15.6	 	 	 	~	SAc	1.497 0.269 10	30
219	UGC 8267	UGC08267	EmG	13 11 11.276	+43 43 35.42			0.02418	7161	7249.0	 	15.7	 	 	 	~	SABb	1.210 0.315 40	23
220	NGC 5016	NGC5016	AGN	13 12 06.687	+24 05 42.18			0.008649	2582	2592.90	 	13.180	12.558	12.093	11.547	~	SABb	1.607 1.221 70	90
221	NGC 5029	NGC5029	GinGroup	13 12 37.559	+47 03 48.04			0.029190	8623	8750.94	 	14.5	 	 	 	~	-5	1.303 1.069 150	18
222	UGC 8322	UGC08322	GinGroup	13 15 00.864	+12 43 30.45			0.025364	7508	7603.94	 	14.7	 	 	 	~	1	1.150 0.368 30	14
223	IC 4215	IC4215	GinCl	13 16 17.139	+25 24 24.11			0.01300	3872	3897.3	 	15.0	 	 	 	~	Sbc	1.070 0.321 50	32
224	NGC 5157	NGC5157	GinGroup	13 27 16.838	+32 01 50.55			0.02438	7220	7308.9	 	14.4	 	 	 	~	1	1.430 0.944 140	30
225	NGC 5205	NGC5205	LINER	13 30 03.691	+62 30 41.50			0.005824	1740.8	1745.88	 	13.5	 	 	 	~	SBbc	1.933 1.237 145	55
226	NGC 5216	NGC5216	LINER	13 32 06.830	+62 42 02.97			0.009746	2907.5	2921.74	 	16.80	16.14	 	 	~	E0A	1.170 0.959 135	85
227	NGC 5218	NGC5218	IG	13 32 10.422	+62 46 03.99			0.00966	2882	2896.0	 	13.1	 	 	 	~	3	1.367 0.929 80	113
228	NGC 5267	NGC5267	GinGroup	13 40 39.946	+38 47 38.49			0.019770	5868	5926.90	 	14.3	 	 	 	~	2	1.500 0.630 45	28
229	UGC 8662	UGC08662	LSB_G	13 41 17.69	+33 46 21.4			0.006808	2034	2040.95	 	16.0	 	 	 	~	8	1.380 0.218 74	20
230	NGC 5289	NGC5289	GinPair	13 45 08.668	+41 30 11.89			0.00833	2486	2496.0	 	14.09	13.09	 	 	~	Sab	1.217 0.584 95	74
231	UGC 8733	UGC08733	EmG	13 48 39.119	+43 24 44.73			0.007739	2311.1	2320.08	 	14.6	 	 	 	~	SBdm	1.183 0.497 140	41
232	NGC 5320	NGC5320	Seyfert	13 50 20.380	+41 21 58.84			0.00860	2566	2577.0	 	13.1	 	11.98	 	~	SABc	1.990 1.154 5	70
233	IC 944	IC0944	GinPair	13 51 30.897	+14 05 31.66			0.02336	6921	7003.2	 	14.7	 	 	 	~	SAab	1.610 0.515 110	35
234	UGC 8778	UGC08778	LINER	13 52 06.654	+38 04 01.01			0.010746	3204.3	3221.61	 	14.8	 	 	 	~	SAb	1.397 0.335 120	29
235	UGC 8781	UGC08781	LINER	13 52 22.727	+21 32 21.28			0.02529	7486	7581.8	 	14.5	 	 	 	~	SBb	1.340 0.724 175	25
236	NGC 5376	NGC5376	GinGroup	13 55 16.066	+59 30 24.13			0.006895	2060	2067.07	 	12.9	 	 	 	~	3	1.847 1.071 70	59
237	NGC 5379	NGC5379	IG	13 55 34.347	+59 44 34.17			0.005884	1759	1763.98	 	14.1	 	 	 	~	0	1.697 0.679 60	56
238	NGC 5378	NGC5378	LINER	13 56 51.013	+37 47 49.48			0.00996	2971	2985.9	 	13.8	 	 	 	~	SBb	2.147 0.945 35	61
239	NGC 5402	NGC5402	RadioG	13 58 16.542	+59 48 52.43			0.0101	3023	3038	 	14.6	 	 	 	~	S	1.257 0.327 170	22
240	NGC 5406	NGC5406	LINER	14 00 20.094	+38 54 55.32			0.01768	5253	5300.3	 	13.1	 	 	 	~	SBb	1.510 1.299 55	66
241	UGC 8988	UGC08988	Galaxy	14 03 20.332	+60 59 24.82			0.00699	2088	2095.5	 	15.6	 	 	 	~	7	1.323 0.371 170	23
242	UGC 8967	NGC5434B	RadioG	14 03 27.059	+09 28 01.16			0.01880	5583	5636.1	 	14.7	 	 	 	~	Sbc	1.180 0.330 70	50
243	UGC 8984	UGC08984	GinGroup	14 03 47.157	+35 44 30.42			0.012776	3806	3830.15	 	14.2	 	 	 	~	S	1.163 0.302 35	23
244	NGC 5473	NGC5473	GinGroup	14 04 43.242	+54 53 33.43			0.006558	1960	1966.04	 	12.5	 	 	 	~	-1	1.720 1.204 160	87
245	NGC 5475	NGC5475	GinGroup	14 05 12.345	+55 44 30.49			0.005597	1673	1677.94	 	13.4	 	 	 	~	-2	1.723 0.517 165	64
246	NGC 5480	NGC5480	GinPair	14 06 21.522	+50 43 29.99			0.00638	1907	1912.7	 	12.6	 	 	 	~	4	2.060 1.524 50	124
247	NGC 5485	NGC5485	LINER	14 07 11.312	+55 00 05.47			0.00635	1898	1903.7	14.34	13.82	12.22	 	 	~	E5A	2.027 1.621 0	154
248	UGC 9071	UGC09071	LSB_G	14 10 03.058	+54 13 06.73			0.006094	1821	1826.94	 	15.1	 	 	 	~	7	1.513 0.575 45	31
249	UGC 9080	UGC09080	Galaxy	14 10 36.013	+59 21 30.51			0.010300	3072	3087.90	 	15.7	 	 	 	~	6	0.620 0.322 35	13
250	NVSS J141045+151231	UGC09067	RadioG	14 10 45.462	+15 12 33.91			0.026502	7839.9	7945.15	 	14.7	 	 	 	~	SABbc	1.040 0.562 10	25
251	NGC 5520	NGC5520	GinPair	14 12 22.778	+50 20 54.36			0.006261	1871	1877.00	 	13.3	 	 	 	~	SAbc	0.960 0.634 70	60
252	NGC 5614	NGC5614	IG	14 24 07.591	+34 51 32.02			0.01297	3862	3887.0	 	12.6	 	 	 	~	SAa(x)	1.567 1.410 5	90
253	NGC 5631	NGC5631	Seyfert_2	14 26 33.285	+56 34 57.59			0.006608	1974	1981.03	 	13.51	12.55	 	 	~	Sa	1.603 1.411 140	122
254	NGC 5633	NGC5633	EmG	14 27 28.385	+46 08 47.58			0.00774	2311	2320.4	 	13.176	12.932	12.449	11.575	~	SAbc	1.200 0.816 15	111
255	NGC 5630	NGC5630	Galaxy	14 27 36.581	+41 15 28.14			0.00892	2662	2674.1	 	13.6	 	 	 	~	SBdm	1.503 0.661 110	63
256	NGC 5657	NGC5657	RadioG	14 30 43.641	+29 10 50.31			0.01308	3895	3921.0	 	14.4	 	 	 	~	3	0.750 0.450 5	47
257	NGC 5682	NGC5682	GinPair	14 34 44.963	+48 40 12.93			0.00759	2267	2275.4	 	15.1	 	 	 	~	SBcd	1.210 0.484 145	60
258	NGC 5720	NGC5720	LINER	14 38 33.285	+50 48 55.23			0.026102	7723.0	7825.09	 	14.7	 	 	 	~	SBbc	1.213 1.019 85	30
259	NGC 5732	NGC5732	Galaxy	14 40 38.994	+38 38 15.70			0.012899	3842	3867.00	 	14.4	 	 	 	~	SAbc	1.057 0.719 30	28
260	UGC 9476	UGC09476	RadioG	14 41 31.959	+44 30 45.39			0.011395	3397	3416.00	 	13.59	12.95	 	 	~	SAbc	1.873 1.124 80	41
261	UGC 9537	UGC09537	Galaxy	14 48 26.781	+34 59 53.20			0.02945	8699	8828.9	 	14.9	 	 	 	~	3	1.987 0.477 140	30
262	UGC 9542	UGC09542	GinGroup	14 49 01.190	+42 27 50.40			0.018223	5413	5463.12	 	15.3	 	 	 	~	5	1.320 0.502 30	25
263	NGC 5784	NGC5784	GinGroup	14 54 16.458	+42 33 27.97			0.018126	5385	5434.04	 	13.7	 	 	 	~	S0A	1.093 0.940 65	36
264	UGC 9598	UGC09598	AGN	14 55 09.082	+43 49 06.71			0.01857	5515	5567.1	 	15.00	 	 	 	~	Sc	1.663 0.599 120	42
265	NGC 5797	NGC5797	GinGroup	14 56 24.064	+49 41 45.76			0.013306	3963	3989.04	 	13.6	 	 	 	~	-5	1.273 0.764 115	25
266	IC 1079	IC1079	GinGroup	14 56 36.130	+09 22 11.11			0.02911	8600	8727.0	 	14.8	 	 	 	~	-4	1.693 1.151 75	15
267	UGC 9629	UGC09629	Galaxy	14 57 11.294	+52 20 45.61			0.02609	7720	7821.6	 	14.6	 	 	 	~	S...	0.943 0.472 155	9
268	UGC 9665	UGC09665	IG	15 01 32.450	+48 19 11.65			0.008468	2527.8	2538.55	 	14.9	 	 	 	~	SAb	1.530 0.367 145	44
269	NGC 5876	NGC5876	GinGroup	15 09 31.567	+54 30 22.86			0.010994	3278	3295.92	 	13.9	 	 	 	~	0	1.133 0.839 5	30
270	UGC 9759	UGC09759	GinGroup	15 10 41.008	+55 20 59.32			0.01152	3434	3454.0	 	15.1	 	 	 	~	S:	1.060 0.445 50	26
271	NGC 5888	NGC5888	GinGroup	15 13 07.379	+41 15 52.66			0.02905	8583	8709.0	 	14.3	 	 	 	~	SBb	1.510 0.785 155	33
272	UGC 9777	UGC09777	Galaxy	15 14 15.143	+20 28 43.54			0.015607	4642	4678.86	 	15.0	 	 	 	~	S	0.640 0.422 155	23
273	NGC 5908	NGC5908	GinGroup	15 16 43.220	+55 24 33.29			0.011168	3329	3348.08	 	13.5	 	 	 	~	SAa	2.387 0.668 155	118
274	NGC 5928	NGC5928	GinPair	15 26 02.908	+18 04 25.37			0.014804	4405	4438.13	 	13.8	 	 	 	~	S0	1.323 0.979 95	20
275	UGC 9873	UGC09873	Galaxy	15 29 50.621	+42 37 44.39			0.018865	5602.3	5655.64	 	15.6	 	 	 	~	SAb	0.783 0.517 120	24
276	UGC 9892	UGC09892	Galaxy	15 32 51.958	+41 11 29.53			0.019096	5670.3	5724.95	 	15.3	 	 	 	~	SAbc	1.127 0.541 95	19
277	NGC 5951	NGC5951	GinGroup	15 33 43.070	+15 00 26.26			0.005937	1775	1779.87	 	13.8	 	 	 	~	Sc	2.633 0.895 0	67
278	NGC 5957	NGC5957	AGN	15 35 23.240	+12 02 51.04			0.006094	1821	1826.94	 	13.3	 	 	 	~	(R')SAB(r)b	2.333 1.213 95	79
279	NGC 5971	NGC5971	AGN	15 35 36.885	+56 27 42.45			0.011250	3353.6	3372.57	 	14.9	 	 	 	~	SABb	0.853 0.529 135	13
280	UGC 9919	UGC09919	Galaxy	15 35 39.609	+12 36 23.28			0.010581	3155	3172.10	 	15.1	 	 	 	~	Sc	1.640 0.262 170	22
281	NGC 5966	NGC5966	LINER	15 35 52.112	+39 46 08.21			0.015110	4495.7	4529.92	 	13.9	 	8.100	 	~	E4A	1.273 0.739 90	45
282	IC 4566	IC4566	GinPair	15 36 42.169	+43 32 21.72			0.01862	5530	5582.1	 	14.3	 	 	 	~	SBb	1.557 0.747 145	40
283	UGC 9937	UGC09937	GinGroup	15 37 22.899	+20 32 59.34			0.015057	4480	4513.98	 	14.7	 	 	 	~	-2	0.823 0.280 15	16
284	NGC 5987	NGC5987	GinGroup	15 39 57.382	+58 04 46.37			0.010000	2983	2997.92	 	13.3	 	 	 	~	SAa	2.380 1.000 60	59
285	NGC 5980	NGC5980	GinGroup	15 41 30.396	+15 47 15.69			0.013629	4058	4085.87	 	13.3	 	 	 	~	S	1.290 0.542 15	41
286	UGC 10043	UGC10043	GinPair	15 48 41.188	+21 52 09.79			0.00729	2176	2184.0	 	14.80	 	 	 	~	6	1.240 0.397 150	57
287	NGC 6004	NGC6004	GinGroup	15 50 22.694	+18 56 20.77			0.012709	3786	3810.06	 	13.4	 	 	 	~	SBbc	1.957 1.644 20	44
288	UGC 10097	UGC10097	BClG	15 55 43.308	+47 52 02.44			0.019884	5902	5961.07	 	14.1	 	 	 	~	-5	1.027 0.739 130	36
289	NGC 6020	NGC6020	GinGroup	15 57 08.119	+22 24 16.37			0.014523	4322	4353.89	 	14.5	 	 	 	~	E4A	0.947 0.701 140	46
290	NGC 6021	NGC6021	GinPair	15 57 30.678	+15 57 22.37			0.015607	4642	4678.86	 	14.1	 	 	 	~	E5A	0.893 0.572 150	39
291	IC 1151	IC1151	Galaxy	15 58 32.329	+17 26 29.59			0.00726	2169	2176.5	 	13.4	 	 	 	~	5	1.873 0.862 30	76
292	NVSS J155903+511815	UGC10123	RadioG	15 59 02.761	+51 18 16.24			0.01236	3683	3706.0	 	15.0	 	 	 	~	Sc	1.333 0.320 55	24
293	NGC 6032	NGC6032	GinGroup	16 03 01.124	+20 57 21.50			0.014373	4278.1	4309.07	 	15.0	 	 	 	~	SBbc	1.883 0.716 10	31
294	NGC 6060	NGC6060	GinGroup	16 05 51.980	+21 29 05.94			0.01466	4363	4395.0	 	14.3	 	 	 	~	SAb	2.230 0.892 100	54
295	NVSS J160640+300558	UGC10205	RadioG	16 06 40.221	+30 05 56.43			0.02190	6494	6565.5	 	14.4	 	 	 	~	S0Aa	0.987 0.671 135	72
296	NGC 6063	NGC6063	Galaxy	16 07 12.964	+07 58 44.43			0.00948	2829	2842.0	 	14.1	 	 	 	~	SAbc	1.637 1.015 135	79
297	IC 1199	IC1199	Galaxy	16 10 34.347	+10 02 25.50			0.015837	4710.1	4747.69	 	14.6	 	 	 	~	SABb	0.840 0.756 140	23
298	NGC 6081	NGC6081	LINER	16 12 56.850	+09 52 01.63			0.016908	5026.0	5068.85	 	14.4	 	 	 	~	S0Aa	1.217 0.535 125	23
299	UGC 10297	UGC10297	LSB_G	16 15 28.810	+18 54 17.42			0.00767	2291	2299.4	 	15.0	 	 	 	~	SAc	1.457 0.350 0	46
300	UGC 10331	UGC10331	Galaxy	16 17 21.116	+59 19 12.59			0.015022	4469.6	4503.42	 	14.8	 	 	 	~	SABc(x)	1.120 0.582 140	34
301	NGC 6125	NGC6125	Galaxy	16 19 11.554	+57 59 02.80			0.015431	4590	4626.10	 	13.0	 	 	 	~	E1A	1.117 1.050 40	66
302	UGC 10337	UGC10337	Galaxy	16 19 28.623	+07 16 43.60			0.029170	8617	8744.95	 	14.9	 	 	 	~	4	1.330 0.452 65	18
303	NGC 6132	NGC6132	RadioG	16 23 38.800	+11 47 10.91			0.016611	4938	4979.85	 	14.8	 	 	 	~	SAbc	1.247 0.524 120	22
304	7C 162329.50+410025.00	NGC6146	Blazar	16 25 10.3	+40 53 34			0.029889	8826.5	8960.35	 	13.8	 	 	 	~	E5A	1.120 0.762 85	93
305	NGC 6154	NGC6154	LINER	16 25 30.498	+49 50 24.47			0.01989	5904	5962.9	 	13.60	 	 	 	~	SBab	1.557 0.809 145	40
306	UGC 10380	UGC10380	Galaxy	16 25 49.951	+16 34 34.31			0.02922	8632	8759.9	 	15.5	 	 	 	~	SABb	1.090 0.327 110	22
307	NGC 6150	NGC6150	QSO_Candidate	16 25 50.003	+40 29 19.42			0.02923	8635	8762.9	 	14.9	 	9.200	 	~	E7A	1.153 0.531 70	33
308	NGC 6155	NGC6155	EmG	16 26 08.306	+48 22 00.91			0.00805	2404	2413.3	 	13.20	 	 	 	~	SAc	1.457 1.049 150	56
309	NVSS J162646+113448	UGC10384	RadioG	16 26 46.692	+11 34 48.63			0.01651	4909	4949.6	 	15.0	 	 	 	~	SAb	0.890 0.231 95	34
310	UGC 10388	UGC10388	Galaxy	16 27 02.966	+16 22 55.94			0.01540	4581	4616.8	 	15.1	 	 	 	~	SABa	0.980 0.451 130	17
311	NGC 6173	NGC6173	BClG	16 29 44.854	+40 48 42.16			0.02938	8679	8807.9	 	14.0	 	 	 	~	E6A	1.450 0.986 140	113
312	NGC 6168	NGC6168	GinPair	16 31 20.812	+20 11 07.78			0.008449	2522.3	2533.00	 	15.22	 	 	 	~	SABc	1.980 0.396 110	43
313	NGC 6186	NGC6186	GinGroup	16 34 25.485	+21 32 27.01			0.009845	2937	2951.53	 	14.2	 	 	 	~	3	1.827 0.548 55	35
314	UGC 10650	UGC10650	GinGroup	17 00 14.83	+23 06 26.7			0.009955	2969.7	2984.56	 	15.3	 	 	 	~	SAcd	1.318 0.281 23	26
315	NGC 6278	NGC6278	LINER	17 00 50.343	+23 00 39.44			0.01022	3048	3064.0	 	13.8	 	 	 	~	SAB0a	1.293 0.802 130	90
316	UGC 10693	UGC10693	GinGroup	17 04 52.969	+41 51 55.75			0.027999	8276	8393.89	 	14.2	 	 	 	~	E7AB	1.210 0.895 95	19
317	UGC 10695	UGC10695	LINER	17 05 05.603	+43 02 35.67			0.027894	8245.8	8362.39	 	14.7	 	 	 	~	E5A	1.277 0.919 120	22
318	UGC 10710	UGC10710	GinGroup	17 06 52.515	+43 07 19.49			0.028200	8335.1	8454.26	 	15.2	 	 	 	~	SAb	1.417 0.482 150	36
319	NGC 6310	NGC6310	LINER	17 07 57.437	+60 59 24.20			0.011409	3400.8	3420.31	 	13.8	 	 	 	~	SAb	2.133 0.512 70	26
320	NGC 6301	NGC6301	GinGroup	17 08 32.739	+42 20 20.86			0.028158	8322.8	8441.60	 	14.6	 	 	 	~	SAbc	1.633 0.947 110	21
321	NGC 6314	NGC6314	Galaxy	17 12 38.730	+23 16 12.54			0.022237	6592.5	6666.61	16.04	15.56	14.62	14.02	13.33	~	SAab	1.020 0.571 175	63
322	NGC 6338	NGC6338	Blazar	17 15 23.0	+57 24 40			0.02736	8090	8202.3	 	14.2	 	8	 	~	E5A	1.403 1.010 15	91
323	UGC 10796	UGC10796	Seyfert_1	17 16 47.644	+61 55 12.41			0.010283	3066.9	3082.75	 	14.50	 	 	 	~	SABcd	1.217 0.560 100	24
324	UGC 10811	UGC10811	LINER	17 18 43.674	+58 08 06.58			0.02909	8594	8721.0	 	14.93	 	 	 	~	SBb	1.217 0.560 95	23
325	UGC 10799	UGC10799	LSB_G	17 18 54.441	+29 51 21.70			0.028794	8508	8632.23	 	15.7	 	 	 	~	6	1.177 0.194 75	11
326	IC 1256	IC1256	Galaxy	17 23 47.322	+26 29 11.45			0.015873	4720.9	4758.66	 	14.297	13.551	13.022	12.434	~	SABb	1.287 0.721 90	49
327	NGC 6394	NGC6394	AGN	17 30 21.409	+59 38 23.52			0.02836	8382	8502.1	 	15.27	 	 	 	~	SBbc	1.260 0.378 30	54
328	UGC 10905	UGC10905	LINER	17 34 06.453	+25 20 37.84			0.026141	7734.5	7836.90	 	14.6	 	 	 	~	S0Aa	1.240 0.645 0	17
329	NGC 6411	NGC6411	Galaxy	17 35 32.820	+60 48 48.19			0.012275	3657	3679.95	 	13.2	 	 	 	~	E4A	1.400 0.980 75	86
330	NGC 6427	NGC6427	GinPair	17 43 38.599	+25 29 38.01			0.010841	3232	3250.05	 	14.6	 	 	 	~	S0AB	1.070 0.514 35	14
331	UGC 10972	UGC10972	LINER	17 46 21.877	+26 32 37.36			0.015762	4688.2	4725.44	 	14.50	 	 	 	~	SAbc	1.977 0.474 55	39
332	NGC 6478	NGC6478	GinGroup	17 48 38.350	+51 09 26.07			0.022770	6748.7	6826.40	 	14.1	 	 	 	~	SAc	1.640 0.656 30	34
333	NGC 6497	NGC6497	Galaxy	17 51 18.010	+59 28 14.97			0.020323	6030.9	6092.80	 	14.3	 	 	 	~	SBab	1.207 0.724 115	21
334	NGC 6515	NGC6515	Galaxy	17 57 25.181	+50 43 40.77			0.022846	6771	6849.06	 	14.3	 	 	 	~	E3A	1.150 0.920 30	16
335	UGC 11228	UGC11228	LINER	18 24 46.289	+41 29 33.52			0.019315	5734.5	5790.41	 	14.5	 	 	 	~	S0B	1.013 0.689 165	16
336	UGC 11262	UGC11262	Galaxy	18 30 35.757	+42 41 34.16			0.018675	5546.3	5598.57	 	15.5	 	 	 	~	SAc	0.387 0.379 55	18
337	NGC 6762	NGC6762	LINER	19 05 37.082	+63 56 02.32			0.010013	2986.9	3001.93	 	14.2	 	 	 	~	SAab	0.910 0.473 115	19
338	MCG-02-51-004	MCG-02-51-004	GinGroup	20 15 39.895	-13 37 18.84			0.018830	5592	5645.09	 	14	 	13.23	 	~	SAb	1.427 0.514 160	16
339	NGC 6941	NGC6941	Galaxy	20 36 23.460	-04 37 07.84			0.021005	6231.0	6297.12	 	13.3	 	13.3	12.9	~	SBb	1.680 1.310 110	31
340	NGC 6945	NGC6945	GinGroup	20 39 00.645	-04 58 21.52			0.012595	3752	3775.89	 	13.5	 	 	 	~	-1	1.190 0.785 110	16
341	NGC 6978	NGC6978	LINER	20 52 35.471	-05 42 39.98			0.020331	6033	6094.94	 	14.22	 	12.67	 	~	SABb	1.443 0.722 125	54
342	UGC 11649	UGC11649	LINER	20 55 27.612	-01 13 30.38			0.01266	3771	3795.4	 	14.5	 	 	 	~	SBab	1.453 1.017 165	32
343	NGC 7025	NGC7025	LINER	21 07 47.329	+16 20 09.09			0.016496	4904.5	4945.28	 	14.10	 	 	 	~	S0Aa	1.840 1.325 50	39
344	UGC 11694	UGC11694	GinGroup	21 11 52.017	+11 16 34.00			0.016998	5053	5095.87	 	15.2	 	 	 	~	3	0.990 0.871 20	15
345	NGC 7047	NGC7047	LINER	21 16 27.634	-00 49 35.39			0.01933	5739	5795.0	 	14.3	 	 	 	~	SBbc	1.350 0.783 105	32
346	MCG-01-54-016	MCG-01-54-016	Galaxy	21 25 59.802	-03 48 35.50			0.009732	2903.4	2917.60	 	15	 	 	 	~	SAcd	1.007 0.221 35	30
347	UGC 11792	UGC11792	Galaxy	21 42 12.79	+05 36 55.1			0.015938	4739.9	4777.97	 	15.6	 	 	 	~	SAbc	1.380 0.208 160	18
348	NGC 7194	NGC7194	GinGroup	22 03 30.930	+12 38 12.41			0.02718	8037	8148.0	 	14.5	 	 	 	~	E3A	1.100 0.836 25	29
349	NGC 7236	UGC11958	LINER	22 14 45.007	+13 50 47.66			0.02618	7745	7848.0	 	14.3	14.3	 	 	~	S0A(x)	1.503 1.323 100	233
350	UGC 11982	UGC11982	Galaxy	22 18 52.962	-01 03 31.21			0.016175	4810	4849.21	 	15.70	 	 	 	~	SAcd	0.893 0.393 165	28
351	UGC 12054	UGC12054	Galaxy	22 29 32.461	+07 43 33.66			0.006851	2046.8	2053.84	 	15.0	 	 	 	~	SAc	0.823 0.412 50	23
352	NGC 7311	NGC7311	LINER	22 34 06.760	+05 34 13.11			0.015131	4501.9	4536.22	 	13.4	 	 	 	~	SAa	1.293 0.673 15	57
353	NGC 7321	NGC7321	LINER	22 36 28.030	+21 37 18.63			0.023984	7104.1	7190.30	 	15.4	 	 	 	~	SBbc	1.103 0.861 25	49
354	NVSS J223829+351946	UGC12127	RadioG	22 38 29.465	+35 19 40.01			0.027456	8118	8231.10	 	15.0	 	 	 	~	E1A	1.557 1.152 10	76
355	NGC 7364	NGC7364	RadioG	22 44 24.360	-00 09 43.20			0.01616	4806	4844.6	 	13.8	 	 	 	~	0	1.153 0.738 55	48
356	UGC 12185	UGC12185	LINER	22 47 25.063	+31 22 24.77			0.022146	6565.8	6639.30	 	14.8	 	 	 	~	SBb	1.050 0.504 140	27
357	UGC 12224	UGC12224	Galaxy	22 52 38.291	+06 05 37.21			0.011762	3505.5	3526.24	 	15.30	 	 	 	~	SAc	2.027 1.175 80	43
358	NGC 7436	NGC7436B	GinGroup	22 57 57.510	+26 09 00.06			0.02460	7284	7375.0	 	15.5	 	 	 	~	E2A(x)	2.167 1.517 85	57
359	UGC 12274	UGC12274	LINER	22 58 19.563	+26 03 43.11			0.025753	7621.1	7720.48	 	15.4	 	 	 	~	SAa	1.397 0.531 140	19
360	UGC 12308	UGC12308	Galaxy	23 01 18.728	+14 20 22.13			0.00755	2255	2263.4	 	15.3	 	 	 	~	SAcd	0.900 0.504 105	41
361	NGC 7466	NGC7466	AGN	23 02 03.435	+27 03 09.36			0.025235	7469.7	7565.12	 	15.27	14.42	 	 	~	SAbc	1.050 0.672 25	56
362	UGC 12348	UGC12348	Seyfert_2	23 05 18.831	+00 11 21.71			0.02545	7534	7631.0	 	15.5	 	 	 	~	1	1.040 0.333 135	41
363	NGC 7489	NGC7489	Galaxy	23 07 32.717	+22 59 52.71			0.020925	6207.4	6273.02	 	14.3	 	 	 	~	SAbc	1.490 0.864 170	41
364	NGC 7550	NGC7550	LINER	23 15 16.099	+18 57 40.92			0.017295	5140	5184.83	 	13.9	 	11.85	 	~	EA4	1.413 1.300 150	88
365	NGC 7549	NGC7549	GinGroup	23 15 17.285	+19 02 29.92			0.015707	4672	4708.98	 	14.1	 	12.79	 	~	SBbc	1.243 0.771 110	78
366	NGC 7563	NGC7563	GinGroup	23 15 55.950	+13 11 46.63			0.014403	4287	4317.91	14.48	13.87	12.81	 	 	~	SBa	1.143 0.823 95	37
367	NGC 7562	NGC7562	GinPair	23 15 57.503	+06 41 14.97			0.011958	3563	3584.92	 	13.0	 	 	 	~	E4A	1.880 1.316 85	139
368	NGC 7591	NGC7591	Seyfert	23 18 16.274	+06 35 08.79			0.016636	4945.8	4987.28	 	13.8	 	 	 	~	SBbc	1.127 0.721 170	175
369	UGC 12494	UGC12494	GinGroup	23 18 52.602	+06 52 38.06			0.01680	4994	5036.0	 	15.0	 	 	 	~	SBd	1.410 0.369 35	43
370	IC 5309	IC5309	GinGroup	23 19 11.638	+08 06 33.58			0.013843	4121.3	4150.02	 	15.0	 	 	 	~	SABc	1.020 0.673 30	74
371	NGC 7608	NGC7608	GinGroup	23 19 15.337	+08 21 00.59			0.011658	3474.5	3494.87	 	15.2	 	 	 	~	SAbc	1.627 0.488 15	45
372	UGC 12519	UGC12519	GinGroup	23 20 02.747	+15 57 09.74			0.014746	4388.2	4420.79	 	14.3	 	 	 	~	SABc	1.623 0.455 160	43
373	UGC 12518	UGC12518	GinPair	23 20 12.781	+07 55 55.62			0.009296	2774	2786.87	 	15.7	 	 	 	~	SAb	1.497 0.299 25	32
374	NGC 7619	NGC7619	GinGroup	23 20 14.524	+08 12 22.63			0.01324	3944	3970.0	 	12.7	 	 	 	~	E2	1.963 1.571 40	354
375	NGC 7623	NGC7623	GinGroup	23 20 29.963	+08 23 44.60			0.012289	3662	3684.15	 	13.9	 	 	 	~	S0	1.243 0.746 165	51
376	NGC 7631	NGC7631	GinGroup	23 21 26.675	+08 13 03.41			0.012522	3730	3754.00	 	13.8	 	 	 	~	SAb	1.403 0.674 80	109
377	NGC 7653	NGC7653	LINER	23 24 49.350	+15 16 32.17			0.014251	4241.9	4272.34	 	12.06	11.91	 	 	~	SAb	1.217 1.095 140	43
378	NGC 7671	NGC7671	GinPair	23 27 19.329	+12 28 02.60			0.012960	3860.1	3885.27	 	14.3	 	 	 	~	S0A	1.190 0.643 135	30
379	NGC 7683	NGC7683	GinGroup	23 29 03.809	+11 26 42.37			0.012392	3692	3715.03	 	14.60	 	 	 	~	S0A	1.260 0.756 140	28
380	NGC 7684	NGC7684	Galaxy	23 30 32.022	+00 04 52.10			0.01724	5124	5168.4	 	14.57	 	 	 	~	Sa	1.037 0.435 20	19
381	NGC 7711	NGC7711	GinGroup	23 35 39.404	+15 18 07.74			0.013539	4031	4058.89	 	14.0	 	 	 	~	-2	2.457 1.179 90	50
382	NGC 7716	NGC7716	Galaxy	23 36 31.458	+00 17 50.33			0.008719	2602.5	2613.89	 	12.9	 	13.0	12.6	~	SAb	1.547 1.114 20	90
383	NGC 7722	NGC7722	LINER	23 38 41.191	+15 57 17.45			0.013595	4047.9	4075.60	 	13.7	 	 	 	~	SAab	1.623 1.299 150	51
384	UGC 12723	UGC12723	Galaxy	23 39 24.009	+10 51 00.28			0.018226	5414	5464.02	 	15.7	 	 	 	~	10	1.317 0.211 75	10
385	NGC 7738	NGC7738	LINER	23 44 02.043	+00 31 00.35			0.022645	6712.0	6788.85	 	14.4	 	 	 	~	SBb	1.413 0.424 40	42
386	NVSS J235106+010322	UGC12810	RadioG	23 51 06.218	+01 03 23.57			0.02697	7976	8085.4	 	14.4	 	 	 	~	4	1.757 0.597 35	64
387	UGC 12816	UGC12816	LSB_G	23 51 50.647	+03 04 57.89			0.017775	5281.5	5328.85	 	15.0	 	 	 	~	SAc	0.693 0.541 150	28
388	NGC 7787	NGC7787	Galaxy	23 56 07.808	+00 32 57.90			0.02222	6587	6661.4	 	15.7	 	 	 	~	3	0.543 0.467 40	21
389	UGC 12857	UGC12857	Galaxy	23 56 47.527	+01 21 18.36			0.008285	2473.6	2483.89	 	14.70	 	14.1	13.6	~	S	1.467 0.352 35	49
390	UGC 12864	UGC12864	Galaxy	23 57 23.994	+30 59 31.79			0.015712	4673.3	4710.30	 	14.70	 	 	 	~	SBc	1.083 0.347 80	46
391	MCG-01-01-012	MCG-01-01-012	Galaxy	23 59 10.788	-04 11 30.52			0.019273	5722	5777.90	 	14.5	 	 	 	~	SABab	1.337 0.321 70	15
392	NGC 7800	NGC7800	LSB_G	23 59 36.306	+14 48 20.06			0.005672	1695.7	1700.52	 	13.4	 	 	 	~	IrAB	2.300 0.690 40	57
393	NGC 14	NGC0014	IG	00 08 46.420	+15 48 55.90			0.002885	864	864.90	 	13.3	 	 	 	~	9	2.133 1.024 10	60
394	UGC 4455	UGC04455	Galaxy	08 31 32.880	-01 11 51.60			0.004493	1344	1346.97	 	15.00	 	 	 	~	2	1.117 0.670 160	29
395	Mrk 1418	Mrk1418	Galaxy	09 40 27.056	+48 20 15.90			0.002585	774	774.96	 	13.5	 	 	 	~	I...	0.797 0.605 10	51
396	UGC 5187	UGC05187	EmG	09 43 06.21	+41 05 34.0			0.004907	1467	1471.08	 	14.1	 	 	 	~	Sd	1 0.812 135	14
397	UGC 5326	UGC05326	GinGroup	09 55 24.657	+33 15 44.29			0.004713	1410	1412.92	 	14.5	 	 	 	~	9	1.007 0.644 120	20
398	UGC 5377	UGC05377	Galaxy	10 00 31.4	+03 12 18			0.007132	2130	2138.12	 	14.8	 	 	 	~	8	0.933 0.707 75	12
399	NGC 3353	NGC3353	AGN	10 45 22.390	+55 57 37.36			0.00323	967	968.3	12.90	13.25	12.79	 	 	~	10	1.017 0.651 50	278
400	IC 2604	IC2604	IG	10 49 24.987	+32 46 21.72			0.00545	1630	1634.0	 	15.0	 	 	 	~	9	1.057 0.528 105	30
401	UGC 5976	UGC05976	Galaxy	10 52 02.77	+55 36 04.3			0.00407	1219	1221.0	 	15.3	 	 	 	~	9	1.202 1 30	14
402	NGC 3600	NGC3600	GinGroup	11 15 51.980	+41 35 28.96			0.002382	713	714.11	 	12.6	 	 	 	~	6	1.500 0.900 10	80
403	UGC 6320	UGC06320	IG	11 18 17.238	+18 50 49.00			0.003753	1123	1125.12	 	13.6	 	 	 	~	Sb...	1.223 0.954 170	42
404	UGC 8688	UGC8688	LSB_G	13 43 30.43	+43 27 47.4			0.004500	1346	1349.07	 	14.8	 	 	 	~	Ir	1.047 0.676 53	17
405	UGC 8909	UGC8909	Galaxy	13 58 37.93	+60 47 49.7			0.005424	1622	1626.07	 	14.7	 	 	 	~	7	1.412 1.096 60	16
406	UGC 9663	UGC9663	Galaxy	15 01 13.74	+52 35 45.2			0.008072	2410	2419.92	 	15.2	 	 	 	~	9	1.584 1.258 ~	21
407	NGC 495	NGC0495	GinGroup	01 22 55.956	+33 28 17.14			0.013679	4073	4100.86	 	14.0	 	 	 	~	SB0/Sa	1.203 0.770 170	57
408	NGC 675	NGC0675	GinGroup	01 49 08.579	+13 03 35.48			0.01763	5239	5286.0	 	15.5	 	 	 	~	S	0.997 0.379 100	18
409	NGC 5481	NGC5481	GinPair	14 06 41.213	+50 43 23.95			0.006911	2065	2071.87	 	13.5	 	 	 	~	-5	1.570 1.193 90	83
410	NGC 5794	NGC5794	GinGroup	14 55 53.573	+49 43 34.20			0.013946	4152	4180.91	 	14.5	 	 	 	~	-0.4	0.737 0.619 105	16
411	IC 1078	IC1078	GinGroup	14 56 28.971	+09 21 16.11			0.02867	8472	8595.0	 	14.8	 	 	 	~	4	1.630 0.554 50	14
412	UGC 9708	UGC09708	GinPair	15 06 32.461	+09 26 58.85			0.028093	8304	8422.07	 	15.2	 	 	 	~	Sb	0.593 0.546 0	13
413	NGC 5929	NGC5929	LINER	15 26 06.158	+41 40 14.40			0.00829	2475	2485.3	 	13.0	14.00	 	 	~	0	1.830 0.915 45	387
414	MCG+07-34-027	NGC6150B	RadioG	16 25 44.480	+40 28 32.44			0.03182	9388	9539.4	 	14.9	 	 	 	~	Sab	0.640 0.243 145	20
415	NGC 6977	NGC6977	Galaxy	20 52 29.714	-05 44 45.98			0.020252	6010	6071.47	 	14.28	 	12.73	 	~	SBb	1.287 1.055 60	40
416	MCG+02-59-014	NGC7559B	GinPair	23 15 46.1	+13 17 48			0.015334	4562	4597.02	 	14	 	 	 	~	~	1.1 1.0 75	4
417	IC 820	NGC4676B	AGN	12 46 11.250	+30 43 21.93			0.02178	6458	6529.5	 	14.1	 	 	 	~	SBb(x)	1.70 0.88 169	89
418	NGC 548	NGC0548	RadioG	01 26 02.511	-01 13 32.43			0.01803	5357	5405.3	 	15.1	 	 	 	~	-3	0.690 0.552 150	51
419	UGC 3960	UGC03960	Galaxy	07 40 22.765	+23 16 30.32			0.00752	2246	2254.4	 	15.0	 	 	 	~	E	0.873 0.699 45	24
420	NGC 2691	NGC2691	AGN	08 54 46.318	+39 32 19.70			0.01339	3987	4014.2	 	14.87	14.10	 	 	~	Sb	0.933 0.523 165	73
421	Mrk 18	UGC04730	Seyfert_1	09 01 58.374	+60 09 06.24			0.01095	3265	3282.7	 	14.3	 	 	 	~	Sa...	0.500 0.300 95	55
422	NGC 2780	NGC2780	GinPair	09 12 44.366	+34 55 31.85			0.006691	1999	2005.91	 	14.2	 	 	 	~	SB	1.247 0.748 105	50
423	NGC 3220	NGC3220	GinPair	10 23 44.264	+57 01 37.60			0.003969	1188	1189.88	 	13.7	 	 	 	~	9	1.310 0.498 105	26
424	NGC 3896	NGC3896	IG	11 48 56.382	+48 40 28.79			0.003039	910	911.07	 	14.05	13.57	 	 	~	9	1.080 0.670 120	62
425	IC 3631	IC3631	Galaxy	12 39 48.047	+12 58 26.14			0.00945	2820	2833.0	 	14.5	 	 	 	~	S0a-S0/Sa	1.130 0.497 85	50
426	NGC 5358	NGC5358	IG	13 54 00.432	+40 16 38.71			0.00807	2410	2419.3	 	14.6	 	13.35	 	~	S0	0.797 0.398 145	53
427	NGC 5950	NGC5950	Galaxy	15 31 30.824	+40 25 48.52			0.008696	2596	2607.00	 	14.8	 	 	 	~	5	1.000 0.880 175	23
428	UGC 10803	UGC10803	GinGroup	17 16 05.288	+73 26 08.90			0.004195	1255	1257.64	 	12.90	 	 	 	~	E	0.990 0.772 15	32
429	MCG-01-52-012	MCG-01-52-012	GinGroup	20 37 49.973	-06 05 27.16			0.01288	3836	3861.0	 	15.5	 	 	 	~	~	0.603 0.483 80	6
430	UGC 9837	UGC9837	LSB_G	15 23 51.735	+58 03 11.23			0.00894	2668	2680.1	 	14.6	 	 	 	~	SBd	0.987 0.947 160	38
431	UGC 12250	UGC12250	GinGroup	22 55 35.925	+12 47 24.89			0.024243	7180	7267.87	 	14.06	 	 	 	~	2	1.640 0.754 15	27
432	NGC 5947	NGC5947	AGN	15 30 36.563	+42 43 01.88			0.01980	5877	5935.9	 	14.8	 	 	 	~	SBbc	0.920 0.515 25	30
