#name type ra dec
IC5376	LINER	00 01 19.770	+34 31 32.68
UGC00005	AGN	00 03 05.658	-01 54 49.53
NGC7819	GinGroup	00 04 24.495	+31 28 19.30
IC1528	EmG	00 05 05.365	-07 05 36.32
UGC00036	Galaxy	00 05 13.903	+06 46 19.23
NGC0001	GinPair	00 07 15.825	+27 42 29.13
NGC0023	Galaxy	00 09 53.411	+25 55 25.46
NGC0036	LINER	00 11 22.317	+06 23 21.28
UGC00148	Galaxy	00 15 51.274	+16 05 23.29
MCG-02-02-030	GinGroup	00 30 07.308	-11 06 49.19
UGC00312	AGN	00 31 23.840	+08 28 01.32
NGC0155	GinGroup	00 34 40.113	-10 45 59.35
ESO540-G003	Galaxy	00 35 39.472	-20 07 31.07
NGC0160	Galaxy	00 36 04.048	+23 57 28.37
NGC0171	Galaxy	00 37 21.521	-19 56 03.29
NGC0180	GinGroup	00 37 57.692	+08 38 06.80
NGC0192	RadioG	00 39 13.391	+00 51 50.89
NGC0216	EmG	00 41 26.885	-21 02 52.90
NGC0214	AGN	00 41 28.020	+25 29 57.62
NGC0217	GinCl	00 41 33.903	-10 01 16.96
NGC0237	AGN	00 43 27.881	-00 07 29.52
NGC0234	EmG	00 43 32.383	+14 20 33.42
NGC0257	GinGroup	00 48 01.510	+08 17 49.45
NGC0309	EmG	00 56 42.664	-09 54 50.10
NGC0364	GinGroup	01 04 40.875	-00 48 09.58
NGC0429	GinGroup	01 12 57.454	-00 20 41.69
IC1652	GinGroup	01 14 56.247	+31 56 54.61
NGC0447	GinGroup	01 15 37.604	+33 04 03.59
NGC0444	GinCl	01 15 49.584	+31 04 48.83
UGC00809	GinGroup	01 15 51.851	+33 48 38.83
UGC00841	GinGroup	01 19 10.008	+33 01 50.00
NGC0477	Seyfert_2	01 21 20.393	+40 29 17.62
IC1683	GinGroup	01 22 38.867	+34 26 13.21
NGC0499	LINER	01 23 11.459	+33 27 36.30
NGC0496	GinGroup	01 23 11.618	+33 31 45.29
NGC0504	GinGroup	01 23 27.877	+33 12 15.25
NGC0517	GinGroup	01 24 43.811	+33 25 46.53
UGC00987	Seyfert_1	01 25 31.475	+32 08 10.58
NGC0528	GinGroup	01 25 33.597	+33 40 16.58
NGC0529	GinGroup	01 25 40.302	+34 42 46.56
NGC0551	Galaxy	01 27 40.668	+37 10 58.45
UGC01057	Galaxy	01 28 53.433	+13 47 33.26
NGC0570	GinGroup	01 28 58.618	-00 56 56.02
UGC01062	GinGroup	01 28 59.548	-00 33 43.02
UGC01123	GinGroup	01 34 07.949	-01 01 55.86
IC0159	EmG	01 46 25.089	-08 38 12.61
UGC01271	GinGroup	01 49 00.027	+13 12 40.50
NGC0681	GinPair	01 49 10.847	-10 25 35.54
NGC0693	GinCl	01 50 30.847	+06 08 42.76
NGC0716	Galaxy	01 52 59.688	+12 42 30.52
UGC01368	GinGroup	01 54 13.133	+07 53 01.27
NGC0731	Galaxy	01 54 56.241	-09 00 39.17
NGC0741	RadioG	01 56 20.959	+05 37 43.77
NGC0755	EmG	01 56 22.685	-09 03 41.15
IC1755	Galaxy	01 57 09.812	+14 32 59.23
NGC0768	AGN	01 58 40.953	+00 31 45.17
NGC0774	GinGroup	01 59 34.720	+14 00 29.90
NGC0776	GinGroup	01 59 54.471	+23 38 40.07
NGC0810	Galaxy	02 05 28.528	+13 15 05.45
NGC0825	GinPair	02 08 32.363	+06 19 25.53
NGC0833	Seyfert_2	02 09 20.865	-10 07 59.15
NGC0842	GinGroup	02 09 50.794	-07 45 44.63
UGC01659	GinGroup	02 09 56.867	+16 01 57.96
UGC01749	GinGroup	02 16 14.443	+18 18 40.14
NGC0873	EmG	02 16 32.354	-11 20 54.94
UGC01918	GinGroup	02 27 32.478	+25 40 07.34
NGC0932	GinGroup	02 27 54.684	+20 19 57.51
UGC01938	Galaxy	02 28 22.152	+23 12 52.87
NGC0941	GinPair	02 28 27.847	-01 09 05.61
NGC0938	GinGroup	02 28 33.504	+20 17 01.13
NGC0955	GinGroup	02 30 33.111	-01 06 30.53
NGC0962	GinGroup	02 32 39.846	+28 04 11.63
UGC02018	BClG	02 32 40.163	+00 15 36.52
NGC0976	GinGroup	02 34 00.010	+20 58 36.48
NGC0991	LSB_G	02 35 32.688	-07 09 15.90
UGC02099	Galaxy	02 37 13.011	+21 34 03.00
UGC02134	GinGroup	02 38 51.794	+27 50 49.93
NGC1026	Galaxy	02 39 19.206	+06 32 38.10
NGC1041	Galaxy	02 40 25.211	-05 26 25.22
NGC1056	Seyfert_2	02 42 48.287	+28 34 27.36
NGC1060	GinGroup	02 43 15.045	+32 25 30.04
NGC1070	Galaxy	02 43 22.269	+04 58 06.42
UGC02222	GinPair	02 45 09.690	+32 59 23.39
UGC02239	GinGroup	02 46 35.739	+32 26 57.26
NGC1094	RadioG	02 47 27.814	-00 17 06.36
NGC1093	Galaxy	02 48 16.164	+34 25 11.11
UGC02311	BClG	02 49 27.960	-00 52 23.12
UGC02319	GinGroup	02 49 53.568	-01 00 13.07
UGC02403	RadioG	02 55 57.283	+00 41 33.13
UGC02443	LSB_G	02 58 21.58	-02 02 31.7
NGC1167	LINER	03 01 42.358	+35 12 20.34
MCG-01-09-006	Galaxy	03 08 48.358	-07 02 26.15
IC0307	RadioG	03 13 45.221	-00 14 29.60
UGC02628	GinGroup	03 16 31.827	-00 28 04.91
UGC02690	RadioG	03 20 42.947	-01 06 30.77
NGC1324	GinGroup	03 25 01.696	-05 44 45.27
NGC1349	LINER	03 31 27.543	+04 22 51.13
NGC1361	GinGroup	03 34 17.724	-06 15 54.19
MCG-01-10-015	Galaxy	03 38 39.102	-05 20 50.52
MCG-01-10-019	Galaxy	03 40 42.962	-06 24 54.44
NGC1542	GinGroup	04 17 14.192	+04 46 53.77
NGC1645	LINER	04 44 06.401	-05 27 56.75
UGC03151	GinGroup	04 45 19.616	+11 04 04.53
NGC1656	Galaxy	04 45 53.406	-05 08 12.10
NGC1659	GinGroup	04 46 29.952	-04 47 19.34
NGC1665	GinGroup	04 48 17.064	-05 25 39.56
NGC1666	GinGroup	04 48 32.847	-06 34 12.47
NGC1667	Seyfert_2	04 48 37.205	-06 19 11.47
IC2095	Galaxy	04 48 45.6	-05 07 30
IC2098	GinGroup	04 50 44.304	-05 25 06.76
NGC1677	Galaxy	04 50 52.077	-04 53 33.77
IC2101	GinGroup	04 51 42.248	-06 13 53.28
NGC2253	Galaxy	06 43 14.725	+65 40 39.08
NGC2347	LINER	07 16 04.087	+64 42 41.54
UGC03899	Galaxy	07 32 37.754	+35 36 52.78
NGC2410	AGN	07 35 02.258	+32 49 19.77
UGC03944	EmG	07 38 36.517	+37 38 00.24
UGC03969	Galaxy	07 41 14.334	+27 36 50.85
NGC2449	LINER	07 47 20.328	+26 55 48.78
UGC04029	GinGroup	07 48 18.994	+34 19 55.73
IC0480	Galaxy	07 55 23.229	+26 44 28.04
NGC2480	GinPair	07 57 10.444	+23 46 46.68
NGC2481	GinPair	07 57 13.724	+23 46 03.70
NGC2487	RadioG	07 58 20.442	+25 08 57.30
UGC04132	RadioG	07 59 13.077	+32 54 53.30
UGC04140	LSB_G	07 59 22.185	+18 06 37.51
UGC04145	Seyfert_2	07 59 40.144	+15 23 12.30
UGC04136	LSB_G	07 59 54.428	+47 24 47.37
IC0485	Seyfert	08 00 19.772	+26 42 05.35
NGC2507	GinGroup	08 01 37.244	+15 42 35.55
NGC2513	GinGroup	08 02 24.657	+09 24 48.93
UGC04176	Galaxy	08 02 42.872	+40 40 42.73
UGC04190	GinGroup	08 02 57.490	+16 17 57.11
UGC04197	GinGroup	08 03 25.510	+10 03 02.23
UGC04210	Galaxy	08 05 05.416	+25 03 44.55
NGC2522	GinGroup	08 06 13.453	+17 42 23.17
NGC2530	GinGroup	08 07 55.604	+17 49 06.27
UGC04245	RadioG	08 08 45.820	+18 11 38.90
UGC04258	LSB_G	08 10 47.589	+46 54 45.50
NGC2540	QSO_Candidate	08 12 46.425	+26 21 39.13
UGC04280	Galaxy	08 14 33.356	+54 47 57.99
IC2247	AGN	08 15 59.063	+23 11 58.32
UGC04308	AGN	08 17 25.776	+21 41 08.06
NGC2553	GinGroup	08 17 35.035	+20 54 11.62
NGC2554	GinGroup	08 17 53.476	+23 28 19.58
UGC04262	Galaxy	08 19 02.783	+83 15 58.94
NGC2565	GinGroup	08 19 48.340	+22 01 53.16
NGC2572	GinGroup	08 21 24.604	+19 08 51.53
NGC2577	GinPair	08 22 43.473	+22 33 10.94
UGC04375	GinPair	08 23 11.277	+22 39 52.49
IC2341	GinGroup	08 23 41.415	+21 26 04.90
NGC2592	Galaxy	08 27 08.081	+25 58 13.22
NGC2596	RadioG	08 27 26.514	+17 17 03.01
NGC2595	HII_G	08 27 41.986	+21 28 44.73
UGC04425	Galaxy	08 28 14.390	+28 03 25.94
NGC2604	IG	08 33 23.057	+29 32 19.03
UGC04468	GinGroup	08 33 30.718	+41 31 31.35
NGC2638	Galaxy	08 42 25.756	+37 13 16.11
NGC2639	Seyfert_1	08 43 38.093	+50 12 19.94
UGC04551	Galaxy	08 44 05.900	+49 47 38.29
UGC04722	Galaxy	09 00 24.128	+25 36 53.08
NGC2730	RadioG	09 02 15.839	+16 50 17.51
NGC2805	IG	09 20 20.405	+64 06 09.96
NGC2880	GinGroup	09 29 34.618	+62 29 26.23
IC2487	EmG	09 30 09.188	+20 05 27.29
IC0540	AGN	09 30 10.261	+07 54 09.10
NGC2906	GinGroup	09 32 06.247	+08 26 30.86
NGC2916	AGN	09 34 57.568	+21 42 18.93
UGC05108	RadioG	09 35 26.283	+29 48 45.38
NGC2918	GinGroup	09 35 44.033	+31 42 19.47
UGC05111	GinGroup	09 36 52.310	+66 47 18.26
UGC05113	GinGroup	09 36 57.114	+66 32 55.20
UGC05244	Galaxy	09 48 47.787	+64 09 59.91
UGC05358	Galaxy	09 58 47.134	+11 23 19.32
UGC05359	Galaxy	09 58 51.628	+19 12 54.22
UGC05396	GinGroup	10 01 40.466	+10 45 22.91
SDSSJ100141.02+371447.4	Unknown	10 01 41.150	+37 14 51.68
NGC3106	LINER	10 04 05.262	+31 11 07.12
NGC3057	Galaxy	10 05 39.306	+80 17 08.40
NGC3158	GinGroup	10 13 50.493	+38 45 53.68
UGC05598	Galaxy	10 22 14.000	+20 35 21.57
NGC3300	GinGroup	10 36 38.434	+14 10 17.55
UGC05771	LINER	10 37 19.3	+43 35 15
NGC3381	GinGroup	10 48 24.825	+34 42 40.50
NGC3395	IG	10 49 50.116	+32 58 58.22
UGC06036	LINER	10 55 55.217	+36 51 41.47
IC0674	Galaxy	11 11 06.339	+43 37 58.77
UGC06256	Galaxy	11 13 56.114	+65 10 39.93
UGC06312	Galaxy	11 18 00.205	+07 50 41.52
NGC3615	QSO_Candidate	11 18 06.661	+23 23 50.21
NGC3614	GinGroup	11 18 21.394	+45 44 53.85
NGC3619	GinGroup	11 19 21.621	+57 45 27.66
NGC3687	Galaxy	11 28 00.568	+29 30 39.76
NGC3811	Galaxy	11 41 16.655	+47 41 26.62
NGC3815	GinGroup	11 41 39.309	+24 48 01.90
NGC3991	EmG	11 57 30.465	+32 20 03.00
NGC3994	LINER	11 57 36.852	+32 16 40.00
NGC4003	GinPair	11 57 59.022	+23 07 30.07
UGC07012	RadioG	12 02 03.164	+29 50 53.11
UGC07145	GinGroup	12 09 50.944	+38 13 06.74
NGC4149	RadioG	12 10 32.853	+58 18 13.76
NGC4185	GinGroup	12 13 22.207	+28 30 39.31
NGC4210	LINER	12 15 15.886	+65 59 07.59
IC0776	EmG	12 19 03.119	+08 51 22.15
NGC4470	HII_G	12 29 37.800	+07 49 26.61
IC3598	GinGroup	12 37 21.042	+28 12 29.47
NGC4644	GinPair	12 42 42.664	+55 08 43.58
NGC4711	GinCl	12 48 45.842	+35 19 58.11
UGC08004	GinCl	12 51 37.925	+31 21 10.58
NGC4816	GinGroup	12 56 12.136	+27 44 44.05
NGC4841A	GinPair	12 57 31.978	+28 28 36.86
NGC4874	RadioG	12 59 35.709	+27 57 33.80
NGC4956	GinGroup	13 05 00.978	+35 10 41.35
NGC4961	GinPair	13 05 47.574	+27 44 02.80
UGC08231	LSB_G	13 08 37.262	+54 04 28.02
UGC08234	GinGroup	13 08 46.524	+62 16 17.80
NGC5000	StarburstG	13 09 47.454	+28 54 25.07
UGC08250	GinCl	13 10 20.061	+32 28 54.41
UGC08267	EmG	13 11 11.276	+43 43 35.42
NGC5016	AGN	13 12 06.687	+24 05 42.18
NGC5029	GinGroup	13 12 37.559	+47 03 48.04
UGC08322	GinGroup	13 15 00.864	+12 43 30.45
IC4215	GinCl	13 16 17.139	+25 24 24.11
NGC5157	GinGroup	13 27 16.838	+32 01 50.55
NGC5205	LINER	13 30 03.691	+62 30 41.50
NGC5216	LINER	13 32 06.830	+62 42 02.97
NGC5218	IG	13 32 10.422	+62 46 03.99
NGC5267	GinGroup	13 40 39.946	+38 47 38.49
UGC08662	LSB_G	13 41 17.69	+33 46 21.4
NGC5289	GinPair	13 45 08.668	+41 30 11.89
UGC08733	EmG	13 48 39.119	+43 24 44.73
NGC5320	Seyfert	13 50 20.380	+41 21 58.84
IC0944	GinPair	13 51 30.897	+14 05 31.66
UGC08778	LINER	13 52 06.654	+38 04 01.01
UGC08781	LINER	13 52 22.727	+21 32 21.28
NGC5376	GinGroup	13 55 16.066	+59 30 24.13
NGC5379	IG	13 55 34.347	+59 44 34.17
NGC5378	LINER	13 56 51.013	+37 47 49.48
NGC5402	RadioG	13 58 16.542	+59 48 52.43
NGC5406	LINER	14 00 20.094	+38 54 55.32
UGC08988	Galaxy	14 03 20.332	+60 59 24.82
NGC5434B	RadioG	14 03 27.059	+09 28 01.16
UGC08984	GinGroup	14 03 47.157	+35 44 30.42
NGC5473	GinGroup	14 04 43.242	+54 53 33.43
NGC5475	GinGroup	14 05 12.345	+55 44 30.49
NGC5480	GinPair	14 06 21.522	+50 43 29.99
NGC5485	LINER	14 07 11.312	+55 00 05.47
UGC09071	LSB_G	14 10 03.058	+54 13 06.73
UGC09080	Galaxy	14 10 36.013	+59 21 30.51
UGC09067	RadioG	14 10 45.462	+15 12 33.91
NGC5520	GinPair	14 12 22.778	+50 20 54.36
NGC5614	IG	14 24 07.591	+34 51 32.02
NGC5631	Seyfert_2	14 26 33.285	+56 34 57.59
NGC5633	EmG	14 27 28.385	+46 08 47.58
NGC5630	Galaxy	14 27 36.581	+41 15 28.14
NGC5657	RadioG	14 30 43.641	+29 10 50.31
NGC5682	GinPair	14 34 44.963	+48 40 12.93
NGC5720	LINER	14 38 33.285	+50 48 55.23
NGC5732	Galaxy	14 40 38.994	+38 38 15.70
UGC09476	RadioG	14 41 31.959	+44 30 45.39
UGC09537	Galaxy	14 48 26.781	+34 59 53.20
UGC09542	GinGroup	14 49 01.190	+42 27 50.40
NGC5784	GinGroup	14 54 16.458	+42 33 27.97
UGC09598	AGN	14 55 09.082	+43 49 06.71
NGC5797	GinGroup	14 56 24.064	+49 41 45.76
IC1079	GinGroup	14 56 36.130	+09 22 11.11
UGC09629	Galaxy	14 57 11.294	+52 20 45.61
UGC09665	IG	15 01 32.450	+48 19 11.65
NGC5876	GinGroup	15 09 31.567	+54 30 22.86
UGC09759	GinGroup	15 10 41.008	+55 20 59.32
NGC5888	GinGroup	15 13 07.379	+41 15 52.66
UGC09777	Galaxy	15 14 15.143	+20 28 43.54
NGC5908	GinGroup	15 16 43.220	+55 24 33.29
NGC5928	GinPair	15 26 02.908	+18 04 25.37
UGC09873	Galaxy	15 29 50.621	+42 37 44.39
UGC09892	Galaxy	15 32 51.958	+41 11 29.53
NGC5951	GinGroup	15 33 43.070	+15 00 26.26
NGC5957	AGN	15 35 23.240	+12 02 51.04
NGC5971	AGN	15 35 36.885	+56 27 42.45
UGC09919	Galaxy	15 35 39.609	+12 36 23.28
NGC5966	LINER	15 35 52.112	+39 46 08.21
IC4566	GinPair	15 36 42.169	+43 32 21.72
UGC09937	GinGroup	15 37 22.899	+20 32 59.34
NGC5987	GinGroup	15 39 57.382	+58 04 46.37
NGC5980	GinGroup	15 41 30.396	+15 47 15.69
UGC10043	GinPair	15 48 41.188	+21 52 09.79
NGC6004	GinGroup	15 50 22.694	+18 56 20.77
UGC10097	BClG	15 55 43.308	+47 52 02.44
NGC6020	GinGroup	15 57 08.119	+22 24 16.37
NGC6021	GinPair	15 57 30.678	+15 57 22.37
IC1151	Galaxy	15 58 32.329	+17 26 29.59
UGC10123	RadioG	15 59 02.761	+51 18 16.24
NGC6032	GinGroup	16 03 01.124	+20 57 21.50
NGC6060	GinGroup	16 05 51.980	+21 29 05.94
UGC10205	RadioG	16 06 40.221	+30 05 56.43
NGC6063	Galaxy	16 07 12.964	+07 58 44.43
IC1199	Galaxy	16 10 34.347	+10 02 25.50
NGC6081	LINER	16 12 56.850	+09 52 01.63
UGC10297	LSB_G	16 15 28.810	+18 54 17.42
UGC10331	Galaxy	16 17 21.116	+59 19 12.59
NGC6125	Galaxy	16 19 11.554	+57 59 02.80
UGC10337	Galaxy	16 19 28.623	+07 16 43.60
NGC6132	RadioG	16 23 38.800	+11 47 10.91
NGC6146	Blazar	16 25 10.3	+40 53 34
NGC6154	LINER	16 25 30.498	+49 50 24.47
UGC10380	Galaxy	16 25 49.951	+16 34 34.31
NGC6150	QSO_Candidate	16 25 50.003	+40 29 19.42
NGC6155	EmG	16 26 08.306	+48 22 00.91
UGC10384	RadioG	16 26 46.692	+11 34 48.63
UGC10388	Galaxy	16 27 02.966	+16 22 55.94
NGC6173	BClG	16 29 44.854	+40 48 42.16
NGC6168	GinPair	16 31 20.812	+20 11 07.78
NGC6186	GinGroup	16 34 25.485	+21 32 27.01
UGC10650	GinGroup	17 00 14.83	+23 06 26.7
NGC6278	LINER	17 00 50.343	+23 00 39.44
UGC10693	GinGroup	17 04 52.969	+41 51 55.75
UGC10695	LINER	17 05 05.603	+43 02 35.67
UGC10710	GinGroup	17 06 52.515	+43 07 19.49
NGC6310	LINER	17 07 57.437	+60 59 24.20
NGC6301	GinGroup	17 08 32.739	+42 20 20.86
NGC6314	Galaxy	17 12 38.730	+23 16 12.54
NGC6338	Blazar	17 15 23.0	+57 24 40
UGC10796	Seyfert_1	17 16 47.644	+61 55 12.41
UGC10811	LINER	17 18 43.674	+58 08 06.58
UGC10799	LSB_G	17 18 54.441	+29 51 21.70
IC1256	Galaxy	17 23 47.322	+26 29 11.45
NGC6394	AGN	17 30 21.409	+59 38 23.52
UGC10905	LINER	17 34 06.453	+25 20 37.84
NGC6411	Galaxy	17 35 32.820	+60 48 48.19
NGC6427	GinPair	17 43 38.599	+25 29 38.01
UGC10972	LINER	17 46 21.877	+26 32 37.36
NGC6478	GinGroup	17 48 38.350	+51 09 26.07
NGC6497	Galaxy	17 51 18.010	+59 28 14.97
NGC6515	Galaxy	17 57 25.181	+50 43 40.77
UGC11228	LINER	18 24 46.289	+41 29 33.52
UGC11262	Galaxy	18 30 35.757	+42 41 34.16
NGC6762	LINER	19 05 37.082	+63 56 02.32
MCG-02-51-004	GinGroup	20 15 39.895	-13 37 18.84
NGC6941	Galaxy	20 36 23.460	-04 37 07.84
NGC6945	GinGroup	20 39 00.645	-04 58 21.52
NGC6978	LINER	20 52 35.471	-05 42 39.98
UGC11649	LINER	20 55 27.612	-01 13 30.38
NGC7025	LINER	21 07 47.329	+16 20 09.09
UGC11694	GinGroup	21 11 52.017	+11 16 34.00
NGC7047	LINER	21 16 27.634	-00 49 35.39
MCG-01-54-016	Galaxy	21 25 59.802	-03 48 35.50
UGC11792	Galaxy	21 42 12.79	+05 36 55.1
NGC7194	GinGroup	22 03 30.930	+12 38 12.41
UGC11958	LINER	22 14 45.007	+13 50 47.66
UGC11982	Galaxy	22 18 52.962	-01 03 31.21
UGC12054	Galaxy	22 29 32.461	+07 43 33.66
NGC7311	LINER	22 34 06.760	+05 34 13.11
NGC7321	LINER	22 36 28.030	+21 37 18.63
UGC12127	RadioG	22 38 29.465	+35 19 40.01
NGC7364	RadioG	22 44 24.360	-00 09 43.20
UGC12185	LINER	22 47 25.063	+31 22 24.77
UGC12224	Galaxy	22 52 38.291	+06 05 37.21
NGC7436B	GinGroup	22 57 57.510	+26 09 00.06
UGC12274	LINER	22 58 19.563	+26 03 43.11
UGC12308	Galaxy	23 01 18.728	+14 20 22.13
NGC7466	AGN	23 02 03.435	+27 03 09.36
UGC12348	Seyfert_2	23 05 18.831	+00 11 21.71
NGC7489	Galaxy	23 07 32.717	+22 59 52.71
NGC7550	LINER	23 15 16.099	+18 57 40.92
NGC7549	GinGroup	23 15 17.285	+19 02 29.92
NGC7563	GinGroup	23 15 55.950	+13 11 46.63
NGC7562	GinPair	23 15 57.503	+06 41 14.97
NGC7591	Seyfert	23 18 16.274	+06 35 08.79
UGC12494	GinGroup	23 18 52.602	+06 52 38.06
IC5309	GinGroup	23 19 11.638	+08 06 33.58
NGC7608	GinGroup	23 19 15.337	+08 21 00.59
UGC12519	GinGroup	23 20 02.747	+15 57 09.74
UGC12518	GinPair	23 20 12.781	+07 55 55.62
NGC7619	GinGroup	23 20 14.524	+08 12 22.63
NGC7623	GinGroup	23 20 29.963	+08 23 44.60
NGC7631	GinGroup	23 21 26.675	+08 13 03.41
NGC7653	LINER	23 24 49.350	+15 16 32.17
NGC7671	GinPair	23 27 19.329	+12 28 02.60
NGC7683	GinGroup	23 29 03.809	+11 26 42.37
NGC7684	Galaxy	23 30 32.022	+00 04 52.10
NGC7711	GinGroup	23 35 39.404	+15 18 07.74
NGC7716	Galaxy	23 36 31.458	+00 17 50.33
NGC7722	LINER	23 38 41.191	+15 57 17.45
UGC12723	Galaxy	23 39 24.009	+10 51 00.28
NGC7738	LINER	23 44 02.043	+00 31 00.35
UGC12810	RadioG	23 51 06.218	+01 03 23.57
UGC12816	LSB_G	23 51 50.647	+03 04 57.89
NGC7787	Galaxy	23 56 07.808	+00 32 57.90
UGC12857	Galaxy	23 56 47.527	+01 21 18.36
UGC12864	Galaxy	23 57 23.994	+30 59 31.79
MCG-01-01-012	Galaxy	23 59 10.788	-04 11 30.52
NGC7800	LSB_G	23 59 36.306	+14 48 20.06
NGC0014	IG	00 08 46.420	+15 48 55.90
UGC04455	Galaxy	08 31 32.880	-01 11 51.60
Mrk1418	Galaxy	09 40 27.056	+48 20 15.90
UGC05187	EmG	09 43 06.21	+41 05 34.0
UGC05326	GinGroup	09 55 24.657	+33 15 44.29
UGC05377	Galaxy	10 00 31.4	+03 12 18
NGC3353	AGN	10 45 22.390	+55 57 37.36
IC2604	IG	10 49 24.987	+32 46 21.72
UGC05976	Galaxy	10 52 02.77	+55 36 04.3
NGC3600	GinGroup	11 15 51.980	+41 35 28.96
UGC06320	IG	11 18 17.238	+18 50 49.00
UGC8688	LSB_G	13 43 30.43	+43 27 47.4
UGC8909	Galaxy	13 58 37.93	+60 47 49.7
UGC9663	Galaxy	15 01 13.74	+52 35 45.2
NGC0495	GinGroup	01 22 55.956	+33 28 17.14
NGC0675	GinGroup	01 49 08.579	+13 03 35.48
NGC5481	GinPair	14 06 41.213	+50 43 23.95
NGC5794	GinGroup	14 55 53.573	+49 43 34.20
IC1078	GinGroup	14 56 28.971	+09 21 16.11
UGC09708	GinPair	15 06 32.461	+09 26 58.85
NGC5929	LINER	15 26 06.158	+41 40 14.40
NGC6150B	RadioG	16 25 44.480	+40 28 32.44
NGC6977	Galaxy	20 52 29.714	-05 44 45.98
NGC7559B	GinPair	23 15 46.1	+13 17 48
NGC4676B	AGN	12 46 11.250	+30 43 21.93
NGC0548	RadioG	01 26 02.511	-01 13 32.43
UGC03960	Galaxy	07 40 22.765	+23 16 30.32
NGC2691	AGN	08 54 46.318	+39 32 19.70
UGC04730	Seyfert_1	09 01 58.374	+60 09 06.24
NGC2780	GinPair	09 12 44.366	+34 55 31.85
NGC3220	GinPair	10 23 44.264	+57 01 37.60
NGC3896	IG	11 48 56.382	+48 40 28.79
IC3631	Galaxy	12 39 48.047	+12 58 26.14
NGC5358	IG	13 54 00.432	+40 16 38.71
NGC5950	Galaxy	15 31 30.824	+40 25 48.52
UGC10803	GinGroup	17 16 05.288	+73 26 08.90
MCG-01-52-012	GinGroup	20 37 49.973	-06 05 27.16
UGC9837	LSB_G	15 23 51.735	+58 03 11.23
UGC12250	GinGroup	22 55 35.925	+12 47 24.89
NGC5947	AGN	15 30 36.563	+42 43 01.88
